1975 01 01 0132 0149 N 05 E 90 F            
1975 01 01 0139 0147 N 07 W 52 F            
1975 01 01 1041 1100 N 07 W 60 F            
1975 01 01 1110 1120 N 07 W 60 F            
1975 01 02 0937 0949 S 08 E 27 F            
1975 01 02 1102 1105 N 08 W 73 F            
1975 01 02 1116 1123 N 08 W 73 F            
1975 01 03 0323 0354 N 09 W 88 B    40      
1975 01 03 0335 0344 N 10 W 88 N    40      
1975 01 03 0740 0800 S 12 E 11 F            
1975 01 05 0720 0751 N 12 E 57 N            
1975 01 05 0729 0741 N 12 E 57 F    70      
1975 01 05 1321 1336 N 13 E 45 F    10      
1975 01 05 2325 2342 S 13 W 24 N    40      
1975 01 06 0030 0041 S 13 W 24 F            
1975 01 06 0728 0908 N 04 E 20 N            
1975 01 06 0735 0920 N 05 E 20 B   225      
1975 01 06 1124 1134 S 09 W 32 F    15      
1975 01 06 1127 1134 S 10 W 32 F    10      
1975 01 06 1450 1505 N 11 E 40 N    56      
1975 01 06 1915 1935 N 08 W 34 F    70      
1975 01 06 1915 1935 N 07 W 35 F    70      
1975 01 07 0310 0340 N 10 W 40 N    80      
1975 01 09 0050 0108 N 06 W 14 F    80      
1975 01 09 0127 0138 N 05 W 17 F    60      
1975 01 09 0308 0325 N 06 W 17 F    50      
1975 01 09 0658 0703 N 16 E 74 F    70      
1975 01 09 2023 2023 N 16 E 66 N            
1975 01 10 0820 0835 S 10 E 90 F    28      
1975 01 10 0920 0958 N 05 W 38 N    46      
1975 01 10 1132 1156 N 04 W 36 F            
1975 01 10 1133 1156 N 04 W 36 F    45      
1975 01 10 2000 2119 N 10 W 90 N            
1975 01 11 2053 2115 N 18 E 37 F    27      
1975 01 12 0144 0151 N 02 W 58 B    45      
1975 01 12 0314 0327 N 02 W 58 B    81      
1975 01 12 0706 0728 N 07 E 48 N    96      
1975 01 12 0710 0732 N 02 E 52 N   133      
1975 01 12 1032 1050 N 07 W 66 N    20      
1975 01 12 1137 1158 N 03 W 68 F            
1975 01 12 2053 2118 N 16 E 24 F            
1975 01 12 2112 2133 N 06 E 41 F            
1975 01 12 2246 2252 N 16 E 25 F    30      
1975 01 12 2247 2252 N 16 E 25 F    30      
1975 01 12 2333 2350 N 17 E 23 N    50      
1975 01 13 0038 0045 N 17 E 23 F    50      
1975 01 13 0049 0119 N 17 E 22 B    80      
1975 01 13 0101 0106 N 18 E 23 N    60      
1975 01 13 0750 0755 N 17 E 20 N    28      
1975 01 13 1154 1214 N 04 E 35 F    50      
1975 01 14 0717 0728 N 03 E 23 F   157      
1975 01 14 0805 0815 N 17 E 07 F    56      
1975 01 14 0940 1003 N 17 E 06 N            
1975 01 14 0940 0955 N 17 E 06 N    56      
1975 01 14 1046 1101 N 04 E 21 F    87      
1975 01 14 2010 2028 N 02 E 15 F   100      
1975 01 16 0552 0633 N 02 W 05 N   190      
1975 01 16 0704 0727 N 02 W 08 F    87      
1975 01 17 0155 0245 N 01 W 21 F    80      
1975 01 18 0609 0617 N 12 E 23 F            
1975 01 19 0635 0641 N 15 W 61 F            
1975 01 19 0718 0734 N 17 W 64 N    90      
1975 01 19 0720 0728 N 18 W 68 N    88      
1975 01 19 0802 0812 N 03 W 47 F    96      
1975 01 19 0855 0906 N 03 W 48 F    87      
1975 01 19 1037 1058 N 03 W 50 F    20      
1975 01 19 1147 1150 N 03 W 50 F            
1975 01 19 1200 1220 N 03 W 51 F            
1975 01 19 1346 1348 N 06 E 06 F            
1975 01 20 1013 1020 N 07 W 02 F            
1975 01 20 1030 1037 N 07 W 02 F            
1975 01 21 0802 0827 N 09 E 31 F            
1975 01 21 0803 0825 N 09 E 31 F    80      
1975 01 22 1346 1352 N 08 W 35 F    30      
1975 01 22 1350 1435 N 16 W 78 F    30      
1975 01 22 1354 1430 N 07 W 36 F    30      
1975 01 22 1442 1537 N 16 W 80 F    20      
1975 01 22 1554 1602 N 16 W 81 F    30      
1975 01 24 0715 0728 N 06 W 57 F   114      
1975 01 30 1419 1431 N 07 E 54 F    20      
1975 02 02 1310 1340 S 12 E 61 F    36      
1975 02 02 1509 1516 S 13 E 63 F            
1975 02 02 1720 1731 S 12 E 60 F            
1975 02 03 0840 0901 S 07 E 61 N            
1975 02 03 0920 0935 S 08 E 62 F            
1975 02 03 1020 1028 S 10 E 58 F            
1975 02 03 1020 1027 S 09 E 58 F    10      
1975 02 03 1028 1055 S 09 E 58 F            
1975 02 03 1052 1055 S 10 E 57 F    10      
1975 02 03 1031 1055 S 12 E 48 F    20      
1975 02 03 1128 1130 S 10 E 57 F    10      
1975 02 03 1133 1142 S 10 E 57 N    30      
1975 02 03 1205 1208 S 08 E 58 F    10      
1975 02 03 1211 1235 S 08 E 58 N            
1975 02 03 1220 1227 N 01 E 90 F            
1975 02 03 1236 1257 N 01 E 90 F            
1975 02 03 1245 1247 S 10 E 56 F            
1975 02 03 1248 1257 S 08 E 56 N    35      
1975 02 03 1249 1257 S 10 E 56 B    40      
1975 02 03 1435 1441 S 08 E 57 F    10      
1975 02 03 1515 1533 S 06 E 58 F    20      
1975 02 03 1515 1535 S 08 E 56 B            
1975 02 03 1517 1539 S 09 E 57 F    32      
1975 02 03 1536 1553 S 12 E 45 F    20      
1975 02 03 1547 1600 S 10 E 56 F    21      
1975 02 04 2156 2206 N 04 E 64 F            
1975 02 05 0049 0057 N 02 E 64 N            
1975 02 05 0655 0714 N 03 E 62 F            
1975 02 05 1324 1335 N 02 E 54 F            
1975 02 05 1352 1402 N 03 E 54 N    40      
1975 02 05 1352 1358 N 02 E 54 N    45      
1975 02 05 1356 1409 N 03 E 54 N    43      
1975 02 05 1432 1443 N 02 E 53 F    50      
1975 02 05 1510 1528 S 09 E 26 F    27      
1975 02 05 1531 1539 N 03 E 54 N    40      
1975 02 05 1532 1537 N 02 E 55 F    30      
1975 02 05 1557 1606 N 02 E 54 F            
1975 02 05 1639 1658 N 03 E 52 F    60      
1975 02 05 1643 1657 N 04 E 51 F    54      
1975 02 05 1735 1757 N 02 E 52 B    40      
1975 02 05 1755 1821 N 04 E 56 B   120      
1975 02 05 1853 1910 N 02 E 52 N            
1975 02 05 1911 1928 N 04 E 52 B            
1975 02 05 1911 1922 N 04 E 49 B    27      
1975 02 05 1914 1923 N 04 E 51 B    25      
1975 02 05 2100 2121 N 02 E 51 F    50      
1975 02 05 2101 2121 N 03 E 51 F    50      
1975 02 05 2132 2140 N 04 E 47 F    20      
1975 02 05 2203 2207 N 04 E 46 F    27      
1975 02 05 2250 2301 N 03 E 50 F    40      
1975 02 06 0227 0248 N 03 E 49 F    30      
1975 02 06 0250 0310 N 03 E 49 F    30      
1975 02 06 0256 0306 N 02 E 49 F    40      
1975 02 06 0510 0542 N 03 E 46 F    40      
1975 02 06 0940 0946 N 02 E 43 F            
1975 02 06 1053 1105 S 10 E 22 N            
1975 02 06 1225 1230 N 03 E 40 F            
1975 02 06 1451 1501 N 01 E 38 F            
1975 02 06 1500 1555 N 01 E 40 N            
1975 02 06 1731 1737 N 02 E 41 F            
1975 02 06 1810 1913 N 03 E 40 F            
1975 02 06 1811 1913 N 04 E 39 N    35      
1975 02 06 1925 1928 N 02 E 37 F            
1975 02 07 0210 0225 N 03 E 34 N   100      
1975 02 07 0211 0426 N 03 E 33 N   191      
1975 02 07 0959 1012 N 03 E 31 F            
1975 02 07 1041 1048 N 03 E 30 N            
1975 02 07 1130 1142 N 03 E 28 N            
1975 02 07 1206 1220 N 02 E 27 N            
1975 02 07 1349 1401 N 02 E 27 F            
1975 02 07 1418 1429 N 02 E 27 N            
1975 02 07 1419 1425 N 03 E 27 F    25      
1975 02 07 1452 1500 N 02 E 25 N            
1975 02 07 1925 1931 S 12 W 04 F    30      
1975 02 07 1926 1933 S 12 W 04 F    30      
1975 02 08 0742 0754 N 02 E 18 F    20      
1975 02 08 0812 0821 S 15 W 14 F    10      
1975 02 08 0831 0902 S 15 W 14 F    10      
1975 02 08 0958 1015 S 15 W 13 F    20      
1975 02 08 1030 1105 S 15 W 16 F    10      
1975 02 08 1049 1126 S 15 W 13 F    20      
1975 02 08 1120 1210 N 06 E 15 F    10      
1975 02 08 1137 1208 S 15 W 13 F    10      
1975 02 08 1505 1510 N 05 E 12 F            
1975 02 09 1034 1038 N 05 W 04 F            
1975 02 11 1301 1317 N 03 W 27 F    50      
1975 02 11 1301 1307 N 04 W 27 F    48      
1975 02 11 1302 1330 N 04 W 29 N    40      
1975 02 11 1315 1340 N 02 W 26 N   500      
1975 02 13 1303 1330 N 04 W 54 F   250      
1975 02 13 1310 1338 N 05 W 59 B    80      
1975 02 13 1435 1452 N 04 W 57 N    50      
1975 02 13 1435 1450 N 04 W 56 N    80      
1975 02 13 1455 1505 S 10 W 78 F            
1975 02 13 1458 1601 N 05 W 62 F            
1975 02 13 2011 2049 N 03 W 58 N            
1975 02 20 1248 1254 N 10 W 01 F            
1975 02 20 1305 1325 N 10 W 02 F            
1975 02 20 1404 1437 N 10 W 03 F            
1975 02 22 1057 1106 N 02 W 02 F            
1975 02 22 1318 1333 N 02 W 04 F            
1975 02 23 1400 1408 S 10 E 16 F            
1975 02 24 0800 0820 S 09 E 04 F            
1975 02 24 0830 0857 S 09 E 03 F            
1975 02 27 0418 0429 S 08 W 31 F            
1975 02 27 1010 1025 S 07 W 37 F            
1975 03 02 1149 1149 N 16 W 22 F            
1975 03 03 1140 1155 N 17 W 38 F            
1975 03 04 1542 1657 N 12 W 57 F            
1975 03 05 1918 1932 N 12 W 73 F            
1975 03 06 1150 1201 N 07 E 70 F            
1975 03 12 0039 0052 S 13 W 31 N    80      
1975 03 12 0039 0055 S 14 W 31 N    90      
1975 03 12 0040 0049 S 13 W 32 N    80      
1975 03 12 0310 0327 S 14 W 32 N   120      
1975 03 12 0607 0647 S 13 W 36 F            
1975 03 12 0847 0904 S 14 W 37 F            
1975 03 12 0917 0935 S 13 W 35 N    80      
1975 03 12 0919 0935 S 13 W 34 N    75      
1975 03 12 1343 1414 S 13 W 39 N   192      
1975 03 12 1343 1425 S 15 W 37 N   108      
1975 03 12 1350 1355 S 13 W 37 F   210      
1975 03 12 1411 1423 S 13 W 36 F    85      
1975 03 12 1647 1654 S 13 W 40 F            
1975 03 12 1722 1725 S 13 W 40 F            
1975 03 12 1833 1906 S 13 W 41 F    40      
1975 03 12 1834 1919 S 13 W 41 F    40      
1975 03 12 1913 1942 S 15 W 38 F    21      
1975 03 12 1917 1928 S 15 W 41 F    36      
1975 03 12 2237 2300 S 15 W 42 F    32      
1975 03 13 0027 0048 S 13 W 43 F            
1975 03 13 0629 0657 S 13 W 49 F            
1975 03 13 0801 0815 S 11 W 50 N            
1975 03 13 1207 1220 S 15 W 48 F            
1975 03 13 1710 1717 S 13 W 56 F            
1975 03 13 1919 1929 S 14 W 54 F    20      
1975 03 13 1921 1925 S 14 W 55 F    30      
1975 03 13 1947 1948 S 13 W 56 F            
1975 03 13 2041 2055 S 14 W 57 F    11      
1975 03 14 0058 0119 S 16 W 57 B    99      
1975 03 14 1912 1934 S 12 W 70 F            
1975 03 14 2339 2422 S 13 W 70 N    90      
1975 03 14 2351 2422 S 12 W 70 N    80      
1975 03 15 0840 1000 S 12 W 80 N    68      
1975 03 15 0906 0921 S 13 W 12 F    65      
1975 03 15 0913 0925 S 10 W 48 F    22      
1975 03 15 1024 1031 S 12 W 80 F    20      
1975 03 15 1831 1845 S 13 W 82 F    23      
1975 03 15 2339 2349 S 13 W 90 F    11      
1975 03 16 0601 0630 S 15 W 89 F    87      
1975 03 16 0650 0700 S 11 W 61 F    70      
1975 03 16 0809 0858 S 11 W 61 F    70      
1975 03 16 0915 0947 S 11 W 61 F    32      
1975 03 16 1216 1252 S 10 W 62 F            
1975 03 16 1312 1325 S 11 W 64 F    30      
1975 03 16 1314 1325 S 11 W 63 F    32      
1975 03 16 1411 1426 S 12 W 63 F            
1975 03 16 1918 1952 S 16 W 31 F            
1975 03 17 0844 0907 S 14 W 39 N    35      
1975 03 17 0901 0906 S 05 W 38 N    20      
1975 03 17 1748 1751 S 09 W 85 F            
1975 03 17 1754 1755 S 17 W 90 B            
1975 03 18 0800 0810 S 08 W 33 F    10      
1975 03 18 0815 0900 S 13 W 58 F    30      
1975 03 18 0937 1030 S 13 W 59 F    20      
1975 03 18 1047 1112 S 08 W 36 F    10      
1975 03 18 1100 1108 S 13 W 60 F    20      
1975 03 18 1136 1219 S 08 W 36 F            
1975 03 18 1216 1229 S 13 W 61 F            
1975 03 19 1505 1516 S 14 W 70 F            
1975 03 19 1505 1516 S 14 W 70 F            
1975 03 21 0807 0820 N 10 W 73 F    10      
1975 03 21 0859 0919 N 10 W 75 N    30      
1975 03 21 0956 1053 N 10 W 75 F    30      
1975 03 21 1110 1125 N 10 W 76 F            
1975 03 21 1140 1215 N 10 W 76 N            
1975 03 21 1234 1305 N 10 W 76 N            
1975 03 21 1556 1606 N 08 W 82 F            
1975 03 21 1949 2005 N 07 W 85 F            
1975 03 21 2242 2249 N 07 W 85 F    20      
1975 03 21 2244 2249 N 07 W 85 F    30      
1975 03 22 0128 0138 N 08 W 85 F    25      
1975 03 22 0129 0138 N 08 W 84 F    18      
1975 03 23 2013 2031 N 16 E 47 F    27      
1975 03 26 1238 1256 S 07 W 02 F    20      
1975 03 26 1310 1440 N 10 W 90 F    20      
1975 03 29 0744 0803 N 14 E 56 F    87      
1975 03 30 0738 0745 S 15 E 85 F    87      
1975 03 30 1118 1126 N 01 E 36 F    87      
1975 03 31 0236 0345 S 17 E 75 N            
1975 04 05 2213 2223 N 08 E 77 F            
1975 04 06 1033 1048 N 09 E 70 F    87      
1975 04 06 1050 1055 N 08 E 68 F            
1975 04 08 0519 0540 N 08 E 44 F            
1975 04 09 2358 2414 N 02 W 03 F    50      
1975 04 10 0004 0035 N 03 W 03 N    50      
1975 04 09 2358 2414 N 02 W 03 F    45      
1975 04 10 0504 0510 N 02 W 07 F    50      
1975 04 17 2018 2031 S 03 E 76 F    25      
1975 04 23 0750 0803 N 10 E 72 F    20      
1975 04 23 1250 1304 N 08 W 03 F    20      
1975 04 24 1245 1257 N 10 E 42 N    30      
1975 04 24 1333 1340 S 05 E 12 F    30      
1975 04 26 1159 1208 N 01 E 87 F    20      
1975 04 26 1400 1403 N 01 E 86 F    20      
1975 04 27 1107 1118 N 04 E 69 F    22      
1975 04 29 1653 1732 N 09 W 69 F            
1975 04 29 1705 1732 N 09 W 69 F    21      
1975 04 29 2051 2056 S 01 E 35 F    70      
1975 04 29 2255 2311 N 01 E 33 N    80      
1975 04 29 2258 2309 N 01 E 33 N    60      
1975 04 29 2301 2313 S 01 E 34 F    61      
1975 04 30 0917 0923 N 10 W 78 F    20      
1975 04 30 1956 2000 S 10 E 60 F    15      
1975 05 01 1143 1155 S 13 W 25 F    22      
1975 05 01 1256 1258 S 12 E 48 F    50      
1975 05 01 1445 1457 S 08 W 04 N    25      
1975 05 02 0510 0536 S 07 W 12 F            
1975 05 03 1140 1212 S 09 E 21 F            
1975 05 03 1157 1206 S 11 E 22 F    30      
1975 05 03 1942 1949 S 07 W 36 F    60      
1975 05 03 2153 2206 S 07 W 38 F    30      
1975 05 03 2155 2206 S 08 W 38 F    20      
1975 05 04 0007 0030 S 11 E 21 F            
1975 05 04 0015 0036 S 06 W 41 F            
1975 05 04 0238 0250 S 08 W 42 F    50      
1975 05 04 0239 0250 S 08 W 42 F    40      
1975 05 04 0526 0545 S 08 W 43 F    60      
1975 05 04 1305 1310 S 07 W 49 N            
1975 05 04 1402 1420 S 07 W 49 F            
1975 05 04 1553 1632 S 11 E 06 N   120      
1975 05 04 1605 1637 S 10 E 08 N   128      
1975 05 04 1743 1750 S 07 W 50 F    30      
1975 05 04 1744 1750 S 08 W 50 F    30      
1975 05 04 1747 1747 S 07 W 50 F            
1975 05 04 1759 1835 S 07 W 50 F    43      
1975 05 04 1806 1809 S 06 W 51 F    35      
1975 05 04 1936 1941 S 07 W 51 F    21      
1975 05 05 0348 0359 S 07 W 56 B    88      
1975 05 05 1548 1627 S 11 W 06 N   120      
1975 05 05 1548 1628 S 12 W 06 N   100      
1975 05 06 1147 1207 S 10 W 19 F    63      
1975 05 07 0417 0434 S 12 W 22 N   150      
1975 05 07 0621 0633 S 12 W 25 F            
1975 05 08 0241 0303 S 10 W 35 N   200      
1975 05 08 0242 0310 S 12 W 36 N   270      
1975 05 08 1057 1108 S 12 W 39 F    45      
1975 05 08 1059 1109 S 12 W 40 F    48      
1975 05 08 2105 2108 S 14 W 46 F    27      
1975 05 09 0659 0716 S 12 W 51 F    70      
1975 05 09 1034 1100 S 06 E 90 N            
1975 05 09 1034 1103 S 05 E 90 B            
1975 05 09 1323 1333 S 06 E 90 F            
1975 05 09 1353 1427 S 05 E 90 N            
1975 05 09 1406 1430 S 06 E 90 N    43      
1975 05 14 0620 0645 S 08 E 25 F    10      
1975 05 16 0137 0144 N 03 E 26 F    20      
1975 05 17 0830 0917 S 06 W 19 N   100      
1975 05 17 0832 0903 S 07 W 17 N    50      
1975 05 17 0836 0900 S 06 W 15 N   115      
1975 05 17 0920 1030 S 07 W 18 F            
1975 05 17 0940 1000 S 06 W 18 N    45      
1975 05 18 1126 1133 N 03 W 08 F    16      
1975 05 20 1138 1215 N 05 W 35 F    90      
1975 05 20 1154 1218 N 05 W 34 F    50      
1975 05 20 1155 1205 N 05 W 34 N    60      
1975 05 20 1527 1536 N 04 W 36 F    35      
1975 05 20 1527 1536 N 04 W 36 N    30      
1975 05 22 1109 1126 S 11 E 33 F    32      
1975 05 22 1409 1419 S 10 E 32 F    20      
1975 05 22 1410 1419 S 12 E 33 F    16      
1975 05 22 1411 1415 S 10 E 32 F            
1975 05 28 0924 0944 S 15 E 17 F    10      
1975 05 28 1308 1312 S 15 E 15 F    10      
1975 05 28 1346 1353 S 15 E 16 F    10      
1975 05 28 1709 1724 S 01 E 70 F    10      
1975 06 03 1001 1005 N 11 E 00 N    16      
1975 06 04 0922 1035 S 07 E 24 F   330      
1975 06 04 1028 1036 S 11 E 26 F    48      
1975 06 04 1030 1044 S 11 E 25 F    87      
1975 06 04 1700 1708 S 08 E 21 F    32      
1975 06 04 1703 1720 S 07 E 22 F    20      
1975 06 04 1706 1711 S 09 E 20 F    64      
1975 06 05 0309 0320 S 08 E 06 F    20      
1975 06 06 0518 0540 S 10 E 01 F    10      
1975 06 06 0920 0930 S 07 W 03 F    20      
1975 06 06 1207 1250 S 07 W 04 F    20      
1975 06 06 1212 1225 S 07 W 04 F    50      
1975 06 11 0633 0642 S 21 E 31 F    32      
1975 06 11 0635 0650 S 14 E 35 F    28      
1975 06 11 1156 1201 S 15 E 31 F    16      
1975 06 15 1015 1035 N 06 W 28 F            
1975 06 15 1215 1250 N 07 W 31 F            
1975 06 15 1305 1315 N 07 W 31 F            
1975 06 15 1325 1430 N 07 W 32 F            
1975 06 16 0257 0307 N 05 W 42 B            
1975 06 16 0725 0730 N 05 W 42 N            
1975 06 16 0800 0820 N 05 W 43 F    80      
1975 06 16 0810 0820 N 05 W 43 N    56      
1975 06 16 1157 1201 N 09 W 42 B            
1975 06 16 1245 1350 N 06 W 45 F   110      
1975 06 16 1410 1421 N 05 W 47 F    30      
1975 06 16 1535 1542 N 05 W 47 F    35      
1975 06 16 1741 1748 N 05 W 48 F            
1975 06 16 2228 2242 N 05 W 48 F   100      
1975 06 17 0910 1010 N 06 W 57 F   110      
1975 06 19 0620 0700 N 05 W 84 F    56      
1975 06 19 1035 1115 S 08 W 73 F    56      
1975 06 19 1140 1200 N 09 W 75 F            
1975 06 19 1215 1413 S 09 W 70 B            
1975 06 19 1250 1250 S 10 W 74 F    84      
1975 06 20 1049 1057 S 13 W 90 F    20      
1975 06 20 1424 1502 S 11 W 90 N    50      
1975 06 20 1425 1510 S 08 W 90 N    84      
1975 06 20 1435 1447 S 12 W 90 F    35      
1975 06 20 1525 1630 S 10 W 90 N    81      
1975 06 20 1528 1550 S 12 W 90 N    43      
1975 06 20 1557 1611 S 12 W 90 F            
1975 06 20 1725 1755 S 12 W 90 N    54      
1975 06 21 1740 1757 S 08 E 23 F            
1975 06 22 1140 1355 S 11 E 20 F            
1975 06 23 0558 0920 S 11   00 F            
1975 06 23 0605 0645 S 11 W 01 N    56      
1975 06 23 0632 0920 S 11 E 01 F   220      
1975 06 24 1030 1110 N 06 E 88 F    56      
1975 06 24 1315 1340 N 05 E 80 F            
1975 06 24 1430 1445 N 05 E 79 F            
1975 06 25 0654 0720 S 12 W 26 F            
1975 06 25 1350 1415 S 11 W 32 F            
1975 06 25 1613 1626 S 12 W 33 N            
1975 06 25 1640 1646 S 11 W 33 F    35      
1975 06 25 1641 1646 S 12 W 33 N    20      
1975 06 26 0406 0415 N 07 E 61 F    87      
1975 06 26 0427 0440 S 10 W 40 F    87      
1975 06 26 0714 0726 N 10 E 62 F            
1975 06 26 0826 0836 S 09 W 46 F            
1975 06 26 1055 1122 S 09 W 46 F            
1975 06 27 0415 0428 S 10 W 53 F   105      
1975 06 27 0548 0609 S 10 W 53 F    20      
1975 06 27 0629 0700 S 10 W 53 N            
1975 06 27 0637 0646 N 05 E 50 F            
1975 06 27 0703 0716 S 10 W 54 F            
1975 06 27 0706 0719 S 11 W 54 F    96      
1975 06 27 0715 0723 N 08 E 42 F    30      
1975 06 27 0827 0844 S 10 W 54 F    20      
1975 06 27 0851 0857 N 04 E 43 F    10      
1975 06 27 0925 0957 S 10 W 56 B    22      
1975 06 27 1030 1042 S 10 W 57 F            
1975 06 27 1057 1126 S 10 W 58 N            
1975 06 27 1249 1256 S 11 W 59 F            
1975 06 27 1250 1255 S 11 W 60 F            
1975 06 27 1400 1530 S 05 W 60 N    56      
1975 06 27 1410 1420 N 08 E 39 N            
1975 06 27 1423 1426 N 08 E 42 F            
1975 06 27 1612 1708 S 10 W 60 F            
1975 06 27 1718 1738 S 10 W 60 F            
1975 06 27 1745 1753 S 11 W 61 F            
1975 06 27 1755 1828 S 10 W 60 N    50      
1975 06 27 1800 1810 S 10 W 61 N    35      
1975 06 27 1855 1911 S 11 W 64 N            
1975 06 27 1925 1938 S 11 W 63 F            
1975 06 27 1950 2000 S 11 W 63 F            
1975 06 27 2027 2040 S 11 W 64 N            
1975 06 28 0052 0100 S 05 W 65 F            
1975 06 28 0320 0628 S 10 W 65 N            
1975 06 28 0544 0628 S 10 W 66 N    80      
1975 06 28 0635 0748 S 10 W 67 N    50      
1975 06 28 0742 0749 S 10 W 70 F    20      
1975 06 28 0800 1000 S 10 W 70 N    51      
1975 06 28 0830 1000 S 10 W 67 F    50      
1975 06 28 1010 1100 S 10 W 68 F            
1975 06 28 1617 1638 S 10 W 72 F            
1975 06 28 1643 1701 S 10 W 72 F            
1975 06 28 1823 1829 S 14 W 78 F            
1975 06 28 2007 2028 N 04 E 33 N            
1975 06 29 0830 0840 N 10 E 17 F            
1975 06 29 1536 1602 N 07 E 16 N    60      
1975 06 29 1536 1606 N 08 E 17 F    72      
1975 06 29 1539 1556 N 08 E 16 N    64      
1975 06 29 1545 1630 N 06 E 17 N    84      
1975 06 30 0424 0430 N 07 E 07 F    32      
1975 06 30 1003 1044 N 08 E 06 F    40      
1975 06 30 1015 1220 N 12 E 10 F    60      
1975 06 30 1030 1045 N 07 E 05 N   101      
1975 06 30 1148 1204 N 06 E 02 F    27      
1975 06 30 1152 1209 N 07 E 05 N    30      
1975 06 30 1309 1316 N 08 E 01 F    33      
1975 06 30 1915 1947 N 11 W 02 F    36      
1975 06 30 1921 1945 N 10 W 03 N    40      
1975 07 01 0743 0753 N 08 W 07 F    20      
1975 07 01 0745 0751 N 08 W 08 F    16      
1975 07 02 0322 0339 N 10 W 18 N   141      
1975 07 02 0755 0825 N 11 W 22 N   175      
1975 07 02 0757 0821 N 07 W 23 N    40      
1975 07 02 0758 0814 N 10 W 21 N   110      
1975 07 02 1010 1018 N 06 W 30 F            
1975 07 02 1405 1428 N 06 W 25 F            
1975 07 02 1552 1558 N 07 W 33 F            
1975 07 02 1621 1636 N 06 W 31 N   230      
1975 07 02 1622 1637 N 06 W 31 N   243      
1975 07 02 1623 1635 N 06 W 32 B   180      
1975 07 02 1626 1640 N 06 W 31 N   288      
1975 07 02 1706 1721 N 08 W 30 F    20      
1975 07 02 1814 1827 N 06 W 31 F    21      
1975 07 03 0819 0915 N 05 W 28 F    20      
1975 07 03 0822 0826 N 04 W 35 F    10      
1975 07 03 0840 0840 N 05 W 28 N            
1975 07 03 1013 1016 N 08 W 41 F    20      
1975 07 03 1013 1033 N 06 W 37 F    20      
1975 07 03 1414 1432 N 07 W 29 F            
1975 07 03 1502 1504 N 07 W 44 F            
1975 07 03 1610 1621 N 06 W 44 N    40      
1975 07 03 1611 1619 N 06 W 45 N    53      
1975 07 03 1613 1625 N 05 W 43 F    43      
1975 07 03 1629 1637 N 06 W 44 F    20      
1975 07 03 1630 1638 N 07 W 34 F    10      
1975 07 03 1732 1758 N 04 W 44 F    21      
1975 07 03 1736 1746 N 06 W 45 F    20      
1975 07 03 1940 1949 N 06 W 47 F    25      
1975 07 03 2122 2132 N 06 W 48 N    30      
1975 07 04 0237 0255 N 06 W 48 F    70      
1975 07 04 0245 0248 N 06 W 48 F    80      
1975 07 04 1140 1140 N 07 W 51 F    20      
1975 07 04 1145 1145 N 05 E 75 F    41      
1975 07 04 1205 1250 N 06 E 73 F    56      
1975 07 04 1223 1235 N 06 E 76 N    20      
1975 07 04 1226 1239 N 04 E 76 N    32      
1975 07 04 1329 1343 N 05 E 72 N    54      
1975 07 04 1332 1351 N 06 E 76 N    48      
1975 07 04 1335 1410 N 06 E 72 N   112      
1975 07 04 1335 1339 N 05 E 75 B    48      
1975 07 04 1443 1500 N 07 E 72 N            
1975 07 04 1445 1530 N 07 E 72 N    84      
1975 07 04 1505 1511 N 02 W 55 B   100      
1975 07 04 1509 1511 N 03 W 55 N    32      
1975 07 04 1551 1605 N 07 E 72 N    30      
1975 07 04 1553 1601 N 04 E 74 F    16      
1975 07 04 1911 1923 N 06 E 75 F            
1975 07 05 1355 1400 N 05 W 70 F            
1975 07 05 1817 1832 N 05 W 73 F    70      
1975 07 05 1817 1839 N 04 W 72 F    75      
1975 07 05 1824 1832 N 07 W 71 F    90      
1975 07 06 0830 0850 S 07 E 30 F    32      
1975 07 07 0717 0735 N 07 E 39 N            
1975 07 07 0741 0747 N 07 E 39 F            
1975 07 07 0813 0825 N 05 W 90 F    20      
1975 07 07 1008 1016 N 03 E 35 F    20      
1975 07 08 0551 0558 N 05 E 25 F    16      
1975 07 08 0621 0632 N 06 E 26 F            
1975 07 08 1700 1730 N 10 W 87 F            
1975 07 09 0228 0245 N 06 E 11 F    70      
1975 07 09 0231 0245 N 06 E 12 F    58      
1975 07 09 0805 0822 N 04 E 13 F            
1975 07 09 0815 0823 S 12 W 38 N            
1975 07 09 1108 1150 N 08 E 06 F    60      
1975 07 09 1108 1150 N 06 E 05 F    60      
1975 07 09 1112 1150 N 09 E 07 F   275      
1975 07 10 0907 0916 S 10 E 07 F            
1975 07 10 0910 0917 S 10 W 08 N            
1975 07 10 1553 1600 N 05 W 15 N            
1975 07 10 1647 1654 N 05 W 15 N            
1975 07 10 1657 1701 N 07 W 18 N    20      
1975 07 10 1657 1701 N 07 W 18 N    16      
1975 07 10 2059 2112 N 05 W 17 N    30      
1975 07 10 2100 2111 N 06 W 19 F    71      
1975 07 11 0605 0615 N 03 W 18 F    56      
1975 07 11 0911 0940 S 11 E 68 N    40      
1975 07 11 0913 0931 S 10 E 64 N    51      
1975 07 11 0914 0940 S 12 E 67 F   110      
1975 07 11 0917 0924 S 11 E 68 F    40      
1975 07 11 0946 0953 S 11 E 66 F            
1975 07 11 1642 1656 S 08 E 61 F    20      
1975 07 11 1645 1654 S 09 E 58 F    32      
1975 07 11 1749 1810 N 06 W 25 F    20      
1975 07 11 2032 2038 N 07 W 26 N    25      
1975 07 12 0349 0400 N 06 W 32 N   106      
1975 07 12 0636 0706 N 04 W 33 F    20      
1975 07 12 0710 0740 N 03 W 33 F    56      
1975 07 12 0803 0811 S 12 W 13 F    20      
1975 07 12 0804 0811 S 13 W 13 F    16      
1975 07 12 1042 1057 S 12 E 50 F    27      
1975 07 12 1142 1154 S 12 E 49 F            
1975 07 12 1341 1355 S 11 E 48 F            
1975 07 12 1405 1423 S 11 E 48 F            
1975 07 12 1653 1715 S 12 E 46 F    20      
1975 07 12 1705 1712 S 11 E 46 F    10      
1975 07 12 2201 2227 N 06 W 38 F    15      
1975 07 13 0216 0219 N 02 W 42 F    30      
1975 07 13 1015 1035 S 08 E 38 N    51      
1975 07 13 1024 1038 S 09 E 37 F    40      
1975 07 13 1025 1155 S 10 E 90 F            
1975 07 13 1127 1135 N 02 W 46 F            
1975 07 13 1326 1351 S 07 E 36 F    30      
1975 07 13 1327 1359 S 07 E 35 F    32      
1975 07 13 1328 1352 S 06 E 37 F    30      
1975 07 13 1330 1343 S 08 E 35 F   110      
1975 07 13 1354 1355 N 01 W 50 F            
1975 07 13 1608 1648 N 04 W 51 N   210      
1975 07 13 1608 1650 N 03 W 52 B   200      
1975 07 13 1608 1655 N 03 W 53 B   198      
1975 07 13 1615 1643 N 04 W 52 N   500      
1975 07 13 2056 2100 N 05 W 53 N            
1975 07 14 0715 0721 S 07 W 86 F            
1975 07 14 0807 0850 N 04 W 60 N    35      
1975 07 14 0815 0831 N 05 W 61 F    41      
1975 07 14 0818 0850 N 04 W 60 B    32      
1975 07 14 1047 1105 N 03 W 64 B   104      
1975 07 14 1049 1105 N 02 W 61 N    61      
1975 07 14 1050 1101 N 03 W 62 N    70      
1975 07 14 1105 1120 N 04 W 60 F    28      
1975 07 14 1150 1202 N 10 W 56 N            
1975 07 14 1208 1218 N 10 W 56 N            
1975 07 14 1520 1530 N 05 W 64 F    41      
1975 07 15 0107 0125 N 06 W 70 F    50      
1975 07 15 0436 0448 S 10 E 65 F    87      
1975 07 15 0453 0504 N 05 W 71 F    16      
1975 07 15 0644 0700 S 08 E 66 F    20      
1975 07 15 0820 0835 S 14 E 64 F            
1975 07 15 0822 0834 S 13 E 65 F    10      
1975 07 15 1014 1030 S 10 E 64 N    50      
1975 07 15 1106 1117 S 10 E 66 F            
1975 07 16 0840 0854 S 07 E 49 F    45      
1975 07 16 0846 0853 S 07 E 49 F    48      
1975 07 16 0847 0852 S 06 E 49 F    40      
1975 07 16 0848 0857 S 07 E 48 N    30      
1975 07 16 0907 0912 S 07 E 48 F    30      
1975 07 16 0951 1010 S 07 E 46 F    50      
1975 07 16 2333 2358 S 16 E 41 N    41      
1975 07 17 0900 0915 S 12 E 36 N    28      
1975 07 17 1319 1329 S 06 E 34 N    32      
1975 07 17 1320 1327 S 05 E 35 N    25      
1975 07 18 0017 0039 S 14 E 29 F    90      
1975 07 18 0018 0019 S 16 E 28 F    80      
1975 07 18 0428 0433 S 08 E 23 F    49      
1975 07 19 0625 0705 S 11 E 12 F   107      
1975 07 20 0315 0316 S 06 W 01 N    70      
1975 07 20 1847 1857 S 08 W 13 N    17      
1975 07 21 0307 0335 N 02 E 86 N    20      
1975 07 21 0610 0633 N 08 E 87 F            
1975 07 21 0708 0720 N 02 E 84 F            
1975 07 21 0754 0810 N 02 E 82 N            
1975 07 21 0754 0820 N 02 E 88 N    96      
1975 07 21 0755 0815 N 04 E 80 N    84      
1975 07 21 0755 0807 S 01 E 80 N    32      
1975 07 21 1530 1540 S 09 W 25 N    40      
1975 07 21 1533 1538 S 09 W 25 F    40      
1975 07 21 1711 1719 N 04 E 79 F    25      
1975 07 22 0303 0348 N 03 E 67 F    50      
1975 07 22 0314 0348 N 04 E 69 F    71      
1975 07 22 0526 0531 N 13 E 66 N    10      
1975 07 22 0825 0935 S 03 W 34 F    38      
1975 07 22 1005 1027 N 09 E 69 N    30      
1975 07 22 1205 1235 N 09 E 68 N    40      
1975 07 22 1250 1310 N 08 E 68 N    45      
1975 07 22 1251 1310 N 09 E 68 N    50      
1975 07 22 1400 1415 N 09 E 68 F            
1975 07 22 1540 1555 S 06 W 38 F            
1975 07 22 1654 1658 N 07 E 68 F            
1975 07 23 0539 0545 N 10 E 58 F            
1975 07 23 0755 0813 N 09 E 40 F            
1975 07 23 0820 0853 N 09 E 39 F    30      
1975 07 23 0824 0855 N 09 E 40 N    20      
1975 07 23 0830 0900 N 10 E 38 N    28      
1975 07 23 0835 0846 N 07 E 39 F    48      
1975 07 23 1057 1103 N 08 E 37 F    32      
1975 07 23 1058 1107 N 09 E 37 F    20      
1975 07 23 1245 1310 N 09 E 37 F    10      
1975 07 23 1323 1336 N 10 E 37 F    40      
1975 07 23 1332 1334 N 08 E 54 F    20      
1975 07 23 1354 1357 N 08 E 36 F    16      
1975 07 23 1404 1425 N 08 E 36 F    30      
1975 07 23 1404 1425 N 08 E 34 N    10      
1975 07 23 1410 1434 N 08 E 36 F            
1975 07 23 1503 1543 N 09 E 34 F    30      
1975 07 23 1526 1543 N 09 E 34 F    32      
1975 07 23 1530 1555 N 09 E 36 N    28      
1975 07 23 1551 1620 N 09 E 34 N    30      
1975 07 23 1627 1651 N 09 E 34 F            
1975 07 23 1657 1706 N 09 E 33 N            
1975 07 23 1747 1804 N 09 E 33 F            
1975 07 23 1818 1826 N 08 E 35 F            
1975 07 23 1925 1945 N 08 E 34 F            
1975 07 23 1954 1957 N 08 E 34 F            
1975 07 23 2118 2128 N 09 E 34 F            
1975 07 24 0630 0650 N 10 E 26 F    40      
1975 07 24 0635 0650 N 10 E 27 N    28      
1975 07 24 0650 0700 S 10 W 58 F    28      
1975 07 24 1030 1040 N 09 E 41 F    40      
1975 07 24 1034 1034 N 11 E 41 N    10      
1975 07 24 1157 1207 S 05 W 60 N    40      
1975 07 24 1434 1500 N 07 E 40 N   210      
1975 07 24 1436 1446 N 08 E 40 N   210      
1975 07 24 1436 1456 N 03 E 43 N    80      
1975 07 24 1438 1510 N 09 E 38 N   100      
1975 07 24 1440 1514 N 10 E 39 B   162      
1975 07 24 2043 2053 N 09 E 36 F            
1975 07 24 2045 2047 N 08 E 36 F            
1975 07 25 0640 0826 N 06 E 13 N   140      
1975 07 25 0655 0715 N 07 E 12 N    56      
1975 07 25 0658 0709 N 10 E 14 F    64      
1975 07 25 0806 0817 N 08 E 12 F   110      
1975 07 25 0813 0826 S 04 W 78 F    70      
1975 07 25 0815 0828 S 02 W 70 F    32      
1975 07 25 1120 1158 N 08 E 09 F   160      
1975 07 25 1413 1431 N 08 E 08 F            
1975 07 25 1447 1525 N 08 E 08 F    40      
1975 07 25 1756 1804 N 09 E 05 F    31      
1975 07 25 1833 1843 N 08 E 06 F            
1975 07 25 1905 1942 N 08 E 05 F    40      
1975 07 25 2334 2355 S 11 W 77 F    40      
1975 07 25 2345 2356 S 09 W 77 F    60      
1975 07 26 0653 0703 N 08 W 02 F    40      
1975 07 26 0655 0705 N 07 W 01 F    28      
1975 07 26 0656 0709 N 06 W 02 F    48      
1975 07 26 0730 0745 S 11 W 90 F    20      
1975 07 26 0823 0828 S 09 W 87 F            
1975 07 26 0829 0850 S 10 W 90 F            
1975 07 26 1734 1740 N 08 W 10 F            
1975 07 26 1826 1832 N 08 W 10 F            
1975 07 27 0251 0311 N 09 W 12 F            
1975 07 27 0818 0840 N 08 W 15 F            
1975 07 27 1639 1641 N 06 W 18 F            
1975 07 27 1815 1825 N 09 W 19 F            
1975 07 28 0830 0840 N 07 W 16 F            
1975 07 28 0915 0929 N 07 W 34 F    25      
1975 07 28 0924 0927 N 08 W 34 F    20      
1975 07 28 1655 1713 N 07 W 36 F    27      
1975 07 28 1655 1710 N 08 W 37 F            
1975 07 28 1818 1836 N 07 W 33 F    20      
1975 07 28 1820 1835 N 08 W 33 F    30      
1975 07 28 1905 1916 N 08 W 33 B    60      
1975 07 28 1906 1917 N 07 W 33 N    90      
1975 07 28 1911 1916 N 09 W 34 F    46      
1975 07 28 1956 2009 N 09 W 35 B    50      
1975 07 28 1957 2010 N 08 W 34 N    50      
1975 07 29 0206 0223 N 08 W 43 N    40      
1975 07 29 0503 0515 N 11 W 40 F            
1975 07 29 0740 0752 N 08 W 49 F    30      
1975 07 29 0743 0750 N 10 W 45 N            
1975 07 29 0745 0755 N 08 W 50 N    28      
1975 07 29 0745 0800 N 08 W 48 F    53      
1975 07 29 0943 0945 N 08 W 52 F    30      
1975 07 29 1032 1035 N 07 W 43 F    40      
1975 07 29 1218 1240 N 07 W 54 B   100      
1975 07 29 1220 1232 N 08 W 53 N    70      
1975 07 29 1220 1240 N 08 W 54 N     5      
1975 07 29 1800 1810 N 07 W 57 F            
1975 07 30 1030 1036 N 11 W 59 F            
1975 07 30 1038 1044 N 07 W 56 N            
1975 07 30 1627 1639 N 04 E 77 F            
1975 07 30 1655 1704 N 05 E 78 F            
1975 07 31 0012 0019 N 04 E 71 F            
1975 07 31 0104 0113 N 04 E 71 F            
1975 07 31 0244 0301 N 05 E 70 F            
1975 07 31 0300 0305 N 06 W 71 F            
1975 07 31 0401 0408 N 09 W 63 F    40      
1975 07 31 0401 0408 N 09 W 63 F    40      
1975 07 31 0402 0408 N 04 E 67 F    40      
1975 07 31 0600 0615 N 05 E 68 N            
1975 07 31 0633 0700 N 06 W 74 F    20      
1975 07 31 0635 0700 N 08 W 74 N     5      
1975 07 31 0713 0819 N 05 E 72 B            
1975 07 31 0835 0915 N 04 E 65 N            
1975 07 31 0905 0905 N 04 E 64 N    29      
1975 07 31 0845 0925 N 09 W 71 N    41      
1975 07 31 1047 1150 N 06 E 64 F            
1975 07 31 1249 1301 N 05 E 66 F            
1975 07 31 1302 1359 N 07 W 70 F    60      
1975 07 31 1325 1405 N 06 W 67 F    60      
1975 07 31 1315 1410 S 05 E 65 N    50      
1975 07 31 1414 1434 N 07 W 74 N    30      
1975 07 31 1415 1424 N 10 W 76 F    15      
1975 07 31 1418 1447 N 03 W 72 B    24      
1975 07 31 1507 1517 N 07 W 75 F    20      
1975 07 31 1508 1520 N 09 W 74 F    32      
1975 07 31 1511 1515 N 03 W 72 N    24      
1975 07 31 1608 1615 N 04 E 64 F    20      
1975 07 31 1619 1629 N 04 E 64 F    35      
1975 07 31 1637 1639 N 05 E 64 F    20      
1975 07 31 1707 1721 N 04 E 64 N    20      
1975 07 31 1754 1830 N 05 E 63 F    20      
1975 07 31 1838 1848 N 05 E 63 F            
1975 07 31 2011 2012 N 05 E 62 F            
1975 07 31 2339 2402 N 06 E 56 F            
1975 07 31 2345 2359 N 06 E 57 F    60      
1975 08 01 0150 0153 N 07 E 56 F    41      
1975 08 01 0253 0400 N 06 E 57 N    88      
1975 08 01 0300 0330 N 05 E 56 F    90      
1975 08 01 0323 0326 N 06 E 55 F    60      
1975 08 01 0420 0431 N 08 W 89 F    70      
1975 08 01 0912 0916 N 08 W 68 F    25      
1975 08 01 0913 0916 N 08 W 69 F    20      
1975 08 01 0957 1013 N 03 E 57 F            
1975 08 01 1035 1055 N 03 E 57 F            
1975 08 01 1101 1107 N 05 W 90 F    20      
1975 08 01 1115 1129 N 05 E 54 N            
1975 08 01 1542 1552 N 05 E 52 F    30      
1975 08 01 1543 1551 N 05 E 53 F    20      
1975 08 01 1544 1550 N 04 E 52 F    40      
1975 08 01 1627 1657 N 06 E 48 F            
1975 08 01 1950 2012 N 09 E 46 F            
1975 08 01 2053 2145 N 09 E 90 N            
1975 08 01 2252 2257 N 07 W 75 F            
1975 08 01 2303 2339 N 06 E 44 F            
1975 08 01 2357 2444 N 05 E 44 F    80      
1975 08 02 0005 0014 N 04 E 44 N    40      
1975 08 01 2357 2457 N 04 E 43 F    60      
1975 08 02 0101 0117 N 10 E 90 N    60      
1975 08 02 0159 0210 N 09 E 90 N    90      
1975 08 02 0411 0420 N 10 E 90 N    50      
1975 08 02 0738 0800 N 09 E 90 B    30      
1975 08 02 0913 0946 N 06 E 37 N    90      
1975 08 02 0915 0957 N 07 E 36 B   130      
1975 08 02 0916 0946 N 07 E 39 F   165      
1975 08 02 0919 0945 N 06 E 38 F    20      
1975 08 02 0922 0935 N 05 E 36 N    83      
1975 08 02 0944 0956 N 09 W 83 F    35      
1975 08 02 0945 0955 N 10 W 85 F    84      
1975 08 02 0947 1005 N 10 W 85 N    30      
1975 08 02 0950 0956 N 10 W 78 F    32      
1975 08 02 1023 1029 N 05 E 38 F    60      
1975 08 02 1042 1124 N 08 E 90 B            
1975 08 02 1043 1126 N 08 E 90 B            
1975 08 02 1044 1142 N 07 E 90 B   182      
1975 08 02 1045 1045 N 05 E 90 N    56      
1975 08 02 1105 1200 N 05 E 90 N    84      
1975 08 02 1114 1122 N 08 E 90 N    70      
1975 08 02 1145 1156 N 07 E 90 N    10      
1975 08 02 1146 1156 N 07 E 90 F    83      
1975 08 02 1321 1344 N 10 E 88 B            
1975 08 02 1326 1337 N 07 E 90 B            
1975 08 02 1329 1343 N 07 E 90 B   182      
1975 08 02 1330 1339 N 09 E 90 N    20      
1975 08 02 1427 1435 N 08 E 90 N    20      
1975 08 02 1429 1435 N 07 E 90 B    10      
1975 08 02 1430 1435 N 08 E 90 F    30      
1975 08 02 1432 1432 N 08 E 90 B            
1975 08 02 1451 1507 N 05 E 36 F    64      
1975 08 02 1537 1548 N 07 W 87 F    40      
1975 08 02 1542 1548 N 10 W 88 F    30      
1975 08 02 1635 1637 N 04 E 34 F    40      
1975 08 02 1735 1747 N 07 E 90 F    21      
1975 08 02 1804 1808 N 06 E 36 F            
1975 08 02 1923 1928 N 06 E 35 F            
1975 08 02 2005 2016 N 09 E 89 F    15      
1975 08 02 2008 2013 N 09 E 88 F    20      
1975 08 02 2040 2048 N 09 E 88 F            
1975 08 02 2102 2117 N 06 E 33 N    50      
1975 08 02 2107 2117 N 07 E 33 N    54      
1975 08 02 2110 2113 N 06 E 32 N    58      
1975 08 02 2104 2116 N 07 E 88 F            
1975 08 02 2124 2126 N 06 E 34 F            
1975 08 02 2137 2144 N 06 E 34 F            
1975 08 02 2218 2228 N 06 E 32 B            
1975 08 03 0042 0052 N 06 E 30 F            
1975 08 03 0322 0458 N 06 E 28 B   250      
1975 08 03 0325 0426 N 06 E 28 B   326      
1975 08 03 0340 0432 N 06 E 26 N   796      
1975 08 03 0350 0518 N 05 E 27 B   224      
1975 08 03 0350 0518 N 05 E 27 B   160      
1975 08 03 0410 0448 N 07 E 30 B   215      
1975 08 03 0415 0439 N 08 E 84 B            
1975 08 03 0426 0442 N 09 E 85 B    24      
1975 08 03 0441 0454 N 10 E 84 N    50      
1975 08 03 0445 0455 N 10 E 84 N    50      
1975 08 03 0534 0552 N 08 E 85 B    30      
1975 08 03 0534 0549 N 08 E 84 N    24      
1975 08 03 0539 0554 N 07 E 85 B    32      
1975 08 03 0610 0655 N 06 E 28 N            
1975 08 03 0635 0705 N 06 E 84 B    40      
1975 08 03 0635 0705 N 06 E 86 B    36      
1975 08 03 0746 0817 N 06 E 24 N   120      
1975 08 03 0747 0755 N 07 E 23 N    80      
1975 08 03 0747 0838 N 05 E 25 N   144      
1975 08 03 0752 0838 N 07 E 23 N    30      
1975 08 03 0756 0833 N 09 E 83 B            
1975 08 03 0835 0905 N 07 E 83 N    50      
1975 08 03 0840 0900 N 06 E 83 N   112      
1975 08 03 0846 0858 N 08 E 80 N    60      
1975 08 03 0847 0858 N 08 E 83 F            
1975 08 03 0851 0927 N 05 E 26 N    96      
1975 08 03 0914 0934 N 08 E 83 B    38      
1975 08 03 0950 1010 N 08 E 82 B    64      
1975 08 03 0951 1014 N 09 E 80 N    80      
1975 08 03 0951 1018 N 07 E 83 B    53      
1975 08 03 0955 1000 N 08 E 82 B    64      
1975 08 03 1217 1228 N 10 E 79 N    71      
1975 08 03 1218 1228 N 10 E 78 N    64      
1975 08 03 1219 1228 N 08 E 78 N    80      
1975 08 03 1220 1240 N 07 E 80 N            
1975 08 03 1306 1311 N 05 E 24 N    64      
1975 08 03 1353 1403 N 08 E 79 N            
1975 08 03 1420 1432 N 07 E 85 N            
1975 08 03 1440 1448 N 08 E 79 F            
1975 08 03 1524 1533 N 07 E 79 F            
1975 08 03 1545 1604 N 05 E 76 F    45      
1975 08 03 1547 1605 N 06 E 75 F    60      
1975 08 03 1604 1613 N 06 E 24 F            
1975 08 03 1619 1634 N 08 E 77 F            
1975 08 03 1654 1703 N 08 E 80 F            
1975 08 03 1810 1816 N 10 E 79 F            
1975 08 03 1821 1837 N 08 E 77 F            
1975 08 03 1832 1836 N 08 E 74 F    56      
1975 08 03 1833 1848 N 06 E 23 N    80      
1975 08 03 1949 2058 N 06 E 22 N            
1975 08 03 2003 2009 N 06 E 20 F    92      
1975 08 03 1955 2019 N 08 E 79 F    30      
1975 08 03 2110 2121 N 06 E 19 F            
1975 08 03 2112 2125 N 08 E 73 F            
1975 08 03 2209 2215 N 08 E 74 F            
1975 08 04 0049 0051 N 08 E 71 N            
1975 08 04 0345 0420 N 05 E 11 N            
1975 08 04 0446 0459 N 10 E 71 F            
1975 08 04 0642 0657 N 10 E 68 N            
1975 08 04 0659 0735 N 13 E 68 F            
1975 08 04 0700 0735 N 12 E 69 F   196      
1975 08 04 0908 0921 N 10 E 68 F    20      
1975 08 04 0910 0914 N 06 E 70 F    80      
1975 08 04 0910 0921 N 07 E 68 B    48      
1975 08 04 1044 1058 N 06 E 09 F    70      
1975 08 04 1045 1103 N 06 E 10 F    48      
1975 08 04 1045 1053 N 08 E 09 F   110      
1975 08 04 1127 1145 N 08 E 09 F    80      
1975 08 04 1128 1148 N 04 E 06 N    32      
1975 08 04 1132 1148 N 06 E 10 F    48      
1975 08 04 1207 1230 N 03 E 11 N    90      
1975 08 04 1212 1216 N 03 E 10 F    92      
1975 08 04 1221 1231 N 03 E 10 B   100      
1975 08 04 1226 1228 N 03 E 11 N            
1975 08 04 1214 1216 S 05 E 18 F    35      
1975 08 04 1254 1258 N 03 E 12 F            
1975 08 04 1446 1513 N 02 E 08 F    45      
1975 08 04 1450 1530 N 02 E 08 N    56      
1975 08 04 1502 1510 N 03 E 08 F    61      
1975 08 04 1612 1617 N 07 E 67 F            
1975 08 04 1613 1618 N 07 E 67 F            
1975 08 04 1743 1748 N 07 E 12 F    40      
1975 08 04 1833 1856 N 08 E 66 N    40      
1975 08 04 1904 1909 N 09 E 62 F            
1975 08 04 1953 2000 N 03 E 07 F            
1975 08 04 2011 2023 N 03 E 06 F            
1975 08 04 2302 2320 N 12 E 65 N            
1975 08 04 2306 2320 N 12 E 68 B   110      
1975 08 05 0150 0206 N 09 E 58 N    64      
1975 08 05 0740 0807 N 06 E 03 N   110      
1975 08 05 0747 0803 N 06 E 03 F    48      
1975 08 05 0748 0803 N 05 W 01 F    48      
1975 08 05 0748 0803 N 07 E 09 F    32      
1975 08 05 0748 0803 N 07 E 09 F    32      
1975 08 05 0752 0807 N 07 E 03 N    80      
1975 08 05 0855 0900 N 05 E 57 N            
1975 08 05 1032 1046 N 10 E 60 N            
1975 08 05 1113 1123 N 05 W 02 F            
1975 08 05 1239 1247 N 10 E 53 F    40      
1975 08 05 1239 1247 N 10 E 53 F    40      
1975 08 05 1456 1512 N 05 E 47 F    30      
1975 08 05 1501 1513 N 05 E 48 F    70      
1975 08 05 1907 1925 N 05 W 04 F            
1975 08 05 1949 2047 N 06 W 03 N   120      
1975 08 05 2019 2035 N 06 W 05 N   133      
1975 08 06 0618 0625 N 05 W 15 F    30      
1975 08 06 0624 0631 N 10 W 04 F    32      
1975 08 06 0630 0650 N 05 W 15 F    50      
1975 08 06 0631 0637 N 05 W 15 F    30      
1975 08 06 0640 0652 N 04 W 15 F    70      
1975 08 06 0702 0710 N 05 W 15 F            
1975 08 06 0733 0751 N 04 W 15 F    20      
1975 08 06 0738 0751 N 05 W 17 F    16      
1975 08 06 0802 0814 N 04 W 15 F    20      
1975 08 06 0802 0807 N 04 W 15 F    20      
1975 08 06 0840 0848 N 05 W 16 F    20      
1975 08 06 0851 0915 N 04 W 15 N            
1975 08 06 0856 0915 N 05 W 15 N    35      
1975 08 06 0857 0904 N 07 E 47 F            
1975 08 06 0935 0957 N 05 W 16 N            
1975 08 06 0935 0956 N 05 W 15 B    86      
1975 08 06 0940 0958 N 07 W 17 N    48      
1975 08 06 0947 1000 N 05 W 13 B    24      
1975 08 06 1010 1017 N 05 W 16 F    40      
1975 08 06 1012 1018 N 05 W 17 F    30      
1975 08 06 1017 1100 N 07 W 14 N    20      
1975 08 06 1034 1054 N 08 E 45 N            
1975 08 06 1135 1220 N 05 W 16 N            
1975 08 06 1135 1220 N 06 W 18 F    40      
1975 08 06 1229 1241 N 05 W 18 N    50      
1975 08 06 1229 1241 N 05 W 18 F    25      
1975 08 06 1230 1241 N 05 W 18 N    72      
1975 08 06 1231 1240 N 05 W 18 F    40      
1975 08 06 1247 1319 N 07 W 18 N    82      
1975 08 06 1259 1319 N 06 W 20 N    45      
1975 08 06 1350 1418 N 05 W 19 F    40      
1975 08 06 1350 1409 N 04 W 19 F    36      
1975 08 06 1518 1526 N 05 W 19 F            
1975 08 06 1538 1558 N 04 W 19 F            
1975 08 06 1546 1600 N 04 W 19 N            
1975 08 06 1627 1634 N 05 W 22 F            
1975 08 06 1640 1726 N 05 W 17 N    80      
1975 08 06 1644 1652 N 05 W 20 N    70      
1975 08 06 1657 1715 N 06 W 15 F    40      
1975 08 06 1710 1724 N 04 W 16 F    54      
1975 08 06 1815 1916 N 05 W 21 N    80      
1975 08 06 1820 1900 N 05 W 22 N   125      
1975 08 06 1843 1912 N 06 W 22 N    45      
1975 08 06 2006 2052 N 05 W 22 N            
1975 08 06 2011 2043 N 06 W 22 N    40      
1975 08 06 2016 2017 N 10 W 13 N            
1975 08 06 2147 2207 N 04 W 24 N    90      
1975 08 06 2148 2208 N 04 W 25 N   125      
1975 08 07 0012 0051 N 05 W 24 N    85      
1975 08 07 0258 0311 N 06 W 27 B    90      
1975 08 07 0258 0313 N 06 W 27 B    93      
1975 08 07 0323 0401 N 05 W 26 N   320      
1975 08 07 0330 0410 N 04 W 27 B   315      
1975 08 07 0426 0438 N 05 W 27 F            
1975 08 07 0503 0512 N 05 W 26 N            
1975 08 07 0605 0610 N 06 W 21 N            
1975 08 07 0620 0632 N 06 W 29 N            
1975 08 07 0810 0902 N 05 W 29 F    80      
1975 08 07 0816 0902 N 04 W 30 N    55      
1975 08 07 0828 0902 N 06 W 28 F   400      
1975 08 07 0902 0921 N 08 W 23 F    20      
1975 08 07 0939 0946 N 04 W 30 F    40      
1975 08 07 1020 1040 N 05 W 31 N            
1975 08 07 1027 1040 N 05 W 31 N    96      
1975 08 07 1139 1152 N 04 W 32 N            
1975 08 07 1141 1148 N 04 W 32 F   184      
1975 08 07 1154 1218 N 09 W 23 N            
1975 08 07 1238 1308 N 05 W 32 F   204      
1975 08 07 1248 1306 N 05 W 31 N    60      
1975 08 07 1248 1320 N 07 W 30 B    80      
1975 08 07 1249 1308 N 05 W 31 F   250      
1975 08 07 1250 1305 N 06 W 31 B    56      
1975 08 07 1256 1303 N 05 W 32 F            
1975 08 07 1333 1347 N 05 W 33 F    82      
1975 08 07 1400 1456 N 11 E 24 N    40      
1975 08 07 1450 1600 N 05 W 33 N   130      
1975 08 07 1450 1548 N 03 W 33 B   240      
1975 08 07 1455 1551 N 05 W 33 N   367      
1975 08 07 1500 1506 N 05 W 33 N    80      
1975 08 07 1500 1530 N 04 W 33 N   120      
1975 08 07 1505 1537 N 04 W 33 N   203      
1975 08 07 1512 1518 N 05 W 33 N    80      
1975 08 07 1620 1654 N 04 W 34 N    80      
1975 08 07 1623 1719 N 04 W 33 B    80      
1975 08 07 1624 1700 N 04 W 34 N    60      
1975 08 07 1752 1812 N 05 W 33 F    60      
1975 08 07 1752 1802 N 05 W 34 F    35      
1975 08 07 1805 1816 N 12 E 16 F    50      
1975 08 07 1806 1816 N 11 E 16 F    40      
1975 08 07 1809 1815 N 09 E 27 F            
1975 08 07 1844 1910 N 05 W 34 N    70      
1975 08 07 1846 1911 N 05 W 33 N    70      
1975 08 07 1909 1926 N 08 E 25 N    25      
1975 08 07 1945 2014 N 11 E 24 F    40      
1975 08 07 1946 1949 N 11 E 24 F    40      
1975 08 07 2032 2100 N 05 W 35 F            
1975 08 07 2039 2055 N 06 W 34 F    30      
1975 08 07 2045 2105 N 11 E 23 F    60      
1975 08 07 2129 2150 N 05 W 37 N   100      
1975 08 07 2130 2136 N 06 W 39 B    72      
1975 08 07 2237 2247 N 05 W 38 N    50      
1975 08 07 2237 2247 N 05 W 37 F    25      
1975 08 07 2301 2315 N 08 E 22 B    81      
1975 08 07 2335 2351 N 04 W 40 B    90      
1975 08 08 0017 0027 N 05 W 39 B    99      
1975 08 08 0511 0540 N 04 W 39 F   143      
1975 08 08 0531 0538 N 08 W 40 N    48      
1975 08 08 0625 0643 N 06 W 37 F    40      
1975 08 08 0630 0645 N 06 W 37 F    82      
1975 08 08 0633 0646 N 07 W 37 F    62      
1975 08 08 0634 0639 N 07 W 38 F    32      
1975 08 08 0946 0959 N 07 W 45 F    30      
1975 08 08 0947 0959 N 07 W 45 F    32      
1975 08 08 0950 1000 N 05 W 45 F    51      
1975 08 08 1052 1127 N 07 W 40 F    62      
1975 08 08 1059 1108 N 04 W 44 N    50      
1975 08 08 1230 1240 N 06 W 46 F            
1975 08 08 1639 1722 N 04 W 47 N    50      
1975 08 08 1644 1705 N 04 W 47 F    35      
1975 08 08 1738 1753 N 04 W 48 F    30      
1975 08 08 1743 1752 N 04 W 48 F    20      
1975 08 08 1824 1826 N 04 W 52 F            
1975 08 08 1827 1840 N 12 E 04 N    60      
1975 08 08 1932 2011 N 06 E 07 F    50      
1975 08 08 2003 2005 N 14 E 03 F            
1975 08 08 2147 2205 N 12 E 02 N            
1975 08 09 0224 0300 N 08 E 05 B            
1975 08 09 0224 0302 N 03 W 09 N   358      
1975 08 09 0225 0252 N 08 E 05 B   169      
1975 08 09 0313 0322 N 12   00 N    30      
1975 08 09 0313 0322 N 12 E 00 N    30      
1975 08 09 0343 0359 N 06 W 50 N    20      
1975 08 09 0343 0359 N 06 W 50 N    24      
1975 08 09 0345 0401 N 08 E 05 N    30      
1975 08 09 0453 0503 N 08 E 04 N    20      
1975 08 09 0453 0503 N 08 E 04 N    24      
1975 08 09 0512 0525 N 08 W 48 F    61      
1975 08 09 0515 0528 N 05 W 53 N    48      
1975 08 09 0635 0700 N 08 E 06 N            
1975 08 09 0900 0925 N 08 E 03 N    70      
1975 08 09 0905 0925 N 08 E 03 N    56      
1975 08 09 0908 0924 N 08 E 03 N    80      
1975 08 09 0922 0939 N 01 W 52 F    30      
1975 08 09 0922 0939 N 01 W 52 F    32      
1975 08 09 0923 0940 N 12 W 49 N    32      
1975 08 09 0949 0959 N 08 E 05 N            
1975 08 09 1312 1322 N 12 E 04 N            
1975 08 09 1355 1409 N 08 E 04 F            
1975 08 09 1445 1450 N 12 E 04 F            
1975 08 09 1840 1853 N 04 W 62 N            
1975 08 09 2035 2057 N 08 W 05 N            
1975 08 09 2142 2157 N 08 W 05 F            
1975 08 09 2251 2321 N 07 W 62 N            
1975 08 10 0235 0257 N 05 W 64 B            
1975 08 10 0658 0731 N 08 W 07 N            
1975 08 10 0709 0727 N 08 W 06 N    24      
1975 08 10 0716 0740 N 08 W 07 N   176      
1975 08 10 0751 0824 N 05 W 69 N    60      
1975 08 10 0758 0824 N 05 W 68 B    48      
1975 08 10 0813 0826 N 08 W 08 N   240      
1975 08 10 0813 0826 N 08 W 08 N   240      
1975 08 10 0914 0935 N 05 W 70 N   400      
1975 08 10 0920 0935 N 04 W 73 N    48      
1975 08 10 0925 0944 N 05 W 69 B    64      
1975 08 10 0945 1010 N 08 W 09 N   210      
1975 08 10 0949 1010 N 08 W 10 N   250      
1975 08 10 1310 1354 N 08 W 12 N            
1975 08 10 1325 1359 N 08 W 12 N   107      
1975 08 10 1330 1410 N 08 W 13 F   300      
1975 08 10 1332 1350 N 09 W 14 N    64      
1975 08 10 1336 1350 N 08 W 12 N    72      
1975 08 10 1348 1350 N 07 W 13 B   100      
1975 08 10 1352 1555 N 04 W 72 N   122      
1975 08 10 1353 1440 N 05 W 69 N    48      
1975 08 10 1409 1427 N 03 W 73 N    63      
1975 08 10 1410 1419 N 05 W 67 N    23      
1975 08 10 1413 1431 N 03 W 73 F    64      
1975 08 10 1430 1527 N 05 W 73 N    50      
1975 08 10 1410 1415 N 11 W 21 F    41      
1975 08 10 1416 1422 N 09 W 11 F   150      
1975 08 10 1435 1455 N 18 W 22 N    56      
1975 08 10 1435 1448 N 13 W 22 F    32      
1975 08 10 1451 1500 N 08 W 13 F            
1975 08 10 1455 1535 N 08 W 14 F   102      
1975 08 10 1636 1703 N 07 W 14 F    40      
1975 08 10 1833 1925 N 08 W 17 N   130      
1975 08 10 1840 1922 N 08 W 18 N   118      
1975 08 10 2051 2101 N 08 W 19 F            
1975 08 10 2305 2326 N 08 W 19 F            
1975 08 11 0110 0124 N 07 W 22 N            
1975 08 11 0120 0209 N 13 W 29 B            
1975 08 11 0326 0344 N 09 W 23 N            
1975 08 11 0421 0428 N 08 W 24 F            
1975 08 11 0629 0637 N 04 W 81 N            
1975 08 11 0635 0655 N 07 W 25 F            
1975 08 11 0720 0736 N 08 W 25 N   110      
1975 08 11 0728 0737 N 08 W 26 F    70      
1975 08 11 0810 0830 N 07 W 27 F            
1975 08 11 1035 1100 N 08 W 26 N            
1975 08 11 1150 1300 N 09 W 24 F            
1975 08 11 1625 1657 N 03 W 82 F            
1975 08 11 1746 1752 N 07 W 32 F            
1975 08 12 0144 0204 N 05 W 37 F    20      
1975 08 12 0144 0204 N 05 W 38 F    20      
1975 08 12 0301 0314 N 07 W 38 F            
1975 08 12 0350 0407 N 05 W 37 N    60      
1975 08 12 0350 0407 N 05 W 38 N    52      
1975 08 12 0616 0640 N 08 W 38 F            
1975 08 12 0617 0638 N 06 W 36 F    80      
1975 08 12 0617 0632 N 06 W 39 N    32      
1975 08 12 0620 0650 N 08 W 38 F   171      
1975 08 12 0623 0635 N 06 W 33 F    16      
1975 08 12 0629 0636 N 07 W 39 F    60      
1975 08 12 0700 0726 N 09 W 43 N            
1975 08 12 0703 0732 N 10 W 47 B            
1975 08 12 0733 0739 N 09 W 36 F    30      
1975 08 12 0745 0820 N 06 W 36 F    47      
1975 08 12 0840 0913 N 09 W 39 N   100      
1975 08 12 0845 0916 N 08 W 40 F   350      
1975 08 12 0850 0904 N 10 W 40 B            
1975 08 12 0915 0939 N 08 W 38 F    45      
1975 08 12 0918 0930 N 07 W 40 N    20      
1975 08 12 0920 0932 N 08 W 38 F    48      
1975 08 12 0953 1034 N 11 W 37 N            
1975 08 12 1055 1106 N 06 W 48 F    30      
1975 08 12 1059 1104 N 03 W 48 F    32      
1975 08 12 1100 1107 N 08 W 48 N    10      
1975 08 12 1110 1143 N 09 W 37 N    30      
1975 08 12 1114 1120 N 10 W 34 F    18      
1975 08 12 1130 1145 N 09 W 32 N    24      
1975 08 12 1134 1142 N 09 W 39 N    30      
1975 08 12 1135 1140 N 11 W 35 N    27      
1975 08 12 1252 1257 N 07 W 48 F    40      
1975 08 12 1252 1259 N 06 W 50 F    16      
1975 08 12 1255 1257 N 09 W 48 F    61      
1975 08 12 1300 1315 N 08 W 38 F   150      
1975 08 12 1308 1313 N 06 W 50 F            
1975 08 12 1348 1356 N 07 W 41 F            
1975 08 12 1430 1441 N 06 W 51 F    25      
1975 08 12 1434 1440 N 08 W 51 F    30      
1975 08 12 1454 1502 N 08 W 43 F    30      
1975 08 12 1454 1510 N 08 W 43 F   150      
1975 08 12 1623 1633 N 06 W 42 N    82      
1975 08 12 1625 1645 N 10 W 42 F    82      
1975 08 12 1627 1649 N 09 W 37 N    36      
1975 08 12 1647 1655 N 08 W 46 F    20      
1975 08 12 1650 1653 N 08 W 47 F    20      
1975 08 12 1711 1719 N 08 W 51 F    80      
1975 08 12 1712 1719 N 08 W 54 N    50      
1975 08 12 2056 2116 N 07 W 47 F    37      
1975 08 12 2058 2105 N 07 W 47 N    30      
1975 08 13 0218 0224 N 11 W 48 F    30      
1975 08 13 0236 0250 N 12 W 49 F    21      
1975 08 13 0238 0246 N 08 W 49 F    58      
1975 08 13 0302 0310 N 08 W 49 N    54      
1975 08 13 0336 0345 N 08 W 49 N    67      
1975 08 13 0525 0533 N 09 W 50 N    64      
1975 08 13 0618 0710 N 08 W 52 B            
1975 08 13 0712 0730 N 10 W 51 B            
1975 08 13 0725 0730 N 10 W 53 N    28      
1975 08 13 0732 0804 N 10 W 50 B            
1975 08 13 0746 0755 N 07 W 53 F    10      
1975 08 13 0805 0826 N 08 W 52 N            
1975 08 13 0805 0826 N 07 W 53 N    10      
1975 08 13 0810 0826 N 07 W 51 F    20      
1975 08 13 1200 1218 N 14 W 60 F    60      
1975 08 13 1202 1218 N 13 W 62 F    61      
1975 08 13 1425 1430 N 10 W 58 N            
1975 08 13 2339 2346 N 08 W 47 F            
1975 08 14 0116 0132 N 07 W 62 N    70      
1975 08 14 0116 0132 N 06 W 63 N    60      
1975 08 14 0221 0225 N 05 W 69 F    40      
1975 08 14 0508 0517 N 08 W 62 N    16      
1975 08 14 0608 0614 S 33 W 70 F    30      
1975 08 14 0608 0614 S 33 W 70 F    32      
1975 08 14 0659 0709 N 11 W 89 B    32      
1975 08 14 0700 0713 N 09 W 64 N    30      
1975 08 14 0705 0715 N 10 W 66 N    84      
1975 08 14 0706 0710 N 09 W 63 N    32      
1975 08 14 0735 0809 N 09 W 63 B            
1975 08 14 0816 0830 N 08 W 70 F            
1975 08 14 0938 0956 N 10 W 69 B    70      
1975 08 14 0938 1006 N 11 W 64 N    73      
1975 08 14 0939 0951 N 10 W 64 B   128      
1975 08 14 0940 0958 N 10 W 72 B    82      
1975 08 14 0943 0952 N 08 W 71 N    70      
1975 08 14 0958 1005 N 07 W 69 F    40      
1975 08 14 0958 1006 N 07 W 67 F    82      
1975 08 14 1000 1003 N 08 W 70 N    32      
1975 08 14 1004 1007 N 17 W 76 F    32      
1975 08 14 1030 1121 N 07 W 68 N   130      
1975 08 14 1030 1045 N 07 W 69 N    40      
1975 08 14 1031 1120 N 07 W 67 N    61      
1975 08 14 1032 1116 N 07 W 67 B    82      
1975 08 14 1035 1110 N 09 W 67 B    84      
1975 08 14 1040 1120 N 08 W 66 N            
1975 08 14 1043 1045 N 07 W 70 N   150      
1975 08 14 1054 1115 N 06 W 69 N    40      
1975 08 14 1128 1134 N 05 W 75 F            
1975 08 14 1149 1201 N 08 W 69 N    40      
1975 08 14 1151 1204 N 08 W 71 B    32      
1975 08 14 1155 1200 N 06 W 69 F    41      
1975 08 14 1232 1301 N 09 W 69 F            
1975 08 14 1236 1250 N 10 W 72 F    50      
1975 08 14 1326 1336 N 08 W 75 N            
1975 08 14 1453 1505 N 07 W 73 F    50      
1975 08 14 1454 1504 N 06 W 73 F    30      
1975 08 14 1455 1505 N 07 W 71 F    61      
1975 08 14 1456 1504 N 07 W 72 N    66      
1975 08 14 1457 1506 N 08 W 76 F    48      
1975 08 14 1700 1718 S 11 E 20 F            
1975 08 14 1708 1720 N 09 W 76 F            
1975 08 14 1824 1831 N 09 W 80 F            
1975 08 14 1949 1958 N 08 W 78 F    40      
1975 08 14 1949 2010 N 08 W 79 F    42      
1975 08 14 1950 1952 N 08 W 72 F    37      
1975 08 14 2253 2306 N 09 W 72 F    10      
1975 08 15 0735 0750 N 09 W 79 F    28      
1975 08 15 0907 0919 N 08 W 83 B    24      
1975 08 15 0908 0918 N 08 W 80 B    16      
1975 08 15 1010 1025 N 09 W 80 N            
1975 08 15 1458 1535 N 06 W 85 N    50      
1975 08 15 1500 1512 N 08 W 79 F    10      
1975 08 15 1506 1528 N 06 W 82 N    42      
1975 08 15 1515 1534 N 06 W 84 N    63      
1975 08 15 1631 1646 S 12 E 77 F    25      
1975 08 15 1720 1746 S 11 E 77 F    30      
1975 08 15 1829 1837 S 10 E 75 F    30      
1975 08 16 0200 0214 N 09 W 86 F    20      
1975 08 16 0455 0502 N 02 E 72 F    48      
1975 08 16 0815 0830 S 12 E 62 B    30      
1975 08 16 0816 0830 S 11 E 62 B    32      
1975 08 16 0854 0900 S 11 E 62 F    20      
1975 08 16 0854 0900 S 11 E 62 F    16      
1975 08 16 1425 1436 S 05 W 14 F    32      
1975 08 16 1427 1433 S 07 W 14 F    16      
1975 08 17 0900 0913 S 10 E 48 N            
1975 08 17 1156 1208 S 10 E 45 F            
1975 08 17 1244 1254 S 10 E 44 N            
1975 08 17 1410 1415 N 05 E 67 F    15      
1975 08 17 1628 1637 S 11 E 46 F    40      
1975 08 20 0855 0910 N 28 W 56 F            
1975 08 20 1721 1728 N 26 W 67 F    20      
1975 08 20 1728 1738 N 28 W 64 F    28      
1975 08 21 0514 0528 N 28 W 70 B            
1975 08 21 0629 0641 N 28 W 70 N            
1975 08 21 0734 0752 N 28 W 72 F            
1975 08 21 0800 0810 N 26 W 76 F            
1975 08 21 0835 0854 S 05 W 68 B            
1975 08 21 0838 0847 S 06 W 71 B    16      
1975 08 21 0836 0912 N 28 W 72 B    84      
1975 08 21 0838 0906 N 28 W 72 B    33      
1975 08 21 0845 0856 N 27 W 72 B   100      
1975 08 21 0849 0903 N 27 W 74 F    40      
1975 08 21 0923 0932 S 07 W 75 N            
1975 08 21 0934 0951 N 27 W 73 F            
1975 08 21 0934 0942 N 28 W 70 F            
1975 08 21 1449 1516 N 08 E 15 F    18      
1975 08 21 1500 1511 N 06 E 17 N    33      
1975 08 21 1509 1547 N 26 W 74 B            
1975 08 21 1515 1545 N 26 W 77 B    50      
1975 08 21 1515 1550 N 26 W 71 B   190      
1975 08 21 1525 1626 N 27 W 76 B   163      
1975 08 21 1523 1536 S 08 W 80 F    20      
1975 08 21 1720 1732 N 26 W 75 F            
1975 08 21 1947 2007 N 26 W 77 B            
1975 08 21 1948 2004 N 25 W 74 B   155      
1975 08 21 2000 2010 N 26 W 80 F            
1975 08 22 0108 0151 N 28 W 85 B   100      
1975 08 22 0441 0501 N 27 W 83 N    35      
1975 08 22 0444 0501 N 28 W 82 N    33      
1975 08 22 0509 0525 N 27 W 89 N   105      
1975 08 22 0524 0541 N 28 W 84 B    48      
1975 08 22 0529 0539 N 26 W 84 B    55      
1975 08 22 0553 0630 N 26 W 84 B    50      
1975 08 22 0553 0617 N 28 W 84 B    48      
1975 08 22 0602 0623 N 25 W 85 B    50      
1975 08 22 0612 0654 N 26 W 83 B            
1975 08 22 0710 0710 N 26 W 85 F    20      
1975 08 22 0730 0742 N 27 W 89 F    90      
1975 08 22 0905 0941 N 26 W 85 N    35      
1975 08 22 0913 0943 N 28 W 85 N    33      
1975 08 22 0917 0947 N 25 W 86 B            
1975 08 22 0931 0945 N 25 W 87 F   189      
1975 08 22 1018 1032 N 26 W 81 B    40      
1975 08 22 1023 1044 N 25 W 87 N    41      
1975 08 22 1026 1031 N 26 W 86 N    44      
1975 08 22 1035 1050 S 13 W 24 F            
1975 08 22 1158 1252 N 27 W 88 B            
1975 08 22 1158 1254 N 27 W 89 B    82      
1975 08 22 1205 1210 N 27 W 83 F    28      
1975 08 22 1216 1245 N 28 W 88 N            
1975 08 22 1227 1246 N 26 W 88 B    40      
1975 08 22 1237 1250 N 25 W 88 B   346      
1975 08 22 1302 1306 N 27 W 84 F            
1975 08 22 1335 1401 N 26 W 87 F    20      
1975 08 22 1342 1406 N 25 W 88 N            
1975 08 22 1345 1355 N 27 W 71 F    10      
1975 08 22 1425 1441 N 27 W 90 F    20      
1975 08 22 1427 1442 N 26 W 90 F    10      
1975 08 22 1715 1742 N 26 W 89 F    35      
1975 08 22 1722 1736 N 27 W 88 N    45      
1975 08 22 1900 1907 N 08 W 02 F            
1975 08 22 2217 2235 N 27 W 90 N            
1975 08 22 2221 2238 N 29 W 90 N   120      
1975 08 22 2224 2240 N 29 W 90 N            
1975 08 22 2348 2353 N 29 W 90 F    18      
1975 08 23 0047 0107 N 08 W 04 B    90      
1975 08 23 0049 0107 N 09 W 02 F    24      
1975 08 23 0454 0457 N 02 E 24 N    32      
1975 08 23 0845 0900 S 12 W 32 F    56      
1975 08 24 1444 1512 N 08 W 24 N    85      
1975 08 24 1444 1500 N 09 W 25 F    96      
1975 08 24 1444 1457 N 08 W 24 N    72      
1975 08 24 2024 2055 S 10 W 52 F    25      
1975 08 25 0615 0629 S 12 W 58 N    90      
1975 08 25 0616 0628 S 12 W 60 N   122      
1975 08 25 0755 0805 S 13 W 06 N    84      
1975 08 25 1306 1339 S 13 W 61 F    53      
1975 08 25 1307 1338 S 12 W 60 F    48      
1975 08 25 1325 1337 S 12 W 59 F    54      
1975 08 25 1926 1944 S 13 W 12 F    28      
1975 08 25 2022 2038 S 14 W 12 F    15      
1975 08 26 0613 0624 S 14 W 23 F    20      
1975 08 26 0644 0655 S 14 W 23 F    10      
1975 08 26 0718 0735 S 14 W 24 F    10      
1975 08 26 0753 0754 S 12 W 19 F    10      
1975 08 26 0755 0810 S 14 W 23 N   105      
1975 08 26 0830 0913 S 13 W 19 N            
1975 08 26 0848 0901 S 13 W 19 N    60      
1975 08 26 0851 0904 S 12 W 21 N    80      
1975 08 26 1230 1241 S 12 W 20 N    70      
1975 08 26 1231 1241 S 13 W 21 F    54      
1975 08 26 2235 2310 N 09 W 56 F            
1975 08 28 0432 0437 S 13 W 40 N    50      
1975 08 28 0432 0437 S 13 W 40 N    48      
1975 08 28 0850 0910 S 13 W 53 N            
1975 08 28 0916 0930 S 13 W 46 N            
1975 08 28 1003 1015 S 14 W 44 F    40      
1975 08 28 1005 1017 S 12 W 46 N    32      
1975 08 28 1036 1043 N 09 E 80 F    20      
1975 08 28 1036 1043 N 09 E 80 F    16      
1975 08 28 1127 1200 S 15 W 48 N    50      
1975 08 28 1259 1323 S 13 W 47 N    40      
1975 08 28 1259 1325 S 14 W 47 N    27      
1975 08 28 1300 1319 S 12 W 48 B    32      
1975 08 28 1304 1325 S 13 W 47 N    64      
1975 08 28 1308 1325 S 12 W 48 N    30      
1975 08 28 1337 1344 S 12 W 48 N    20      
1975 08 28 1337 1344 S 12 W 48 N    16      
1975 08 28 1803 1819 S 16 W 54 F    20      
1975 08 28 2329 2355 S 12 W 54 F    18      
1975 08 29 0219 0232 S 14 W 57 F            
1975 08 29 0650 0657 S 13 W 60 F            
1975 09 01 0805 0814 N 08 E 53 F            
1975 09 01 0807 0812 N 10 E 54 F    20      
1975 09 01 1507 1530 N 05 E 50 N   107      
1975 09 01 1512 1519 N 03 E 54 N   144      
1975 09 01 1933 1945 N 07 E 47 F            
1975 09 02 0923 0940 N 07 E 39 N   100      
1975 09 02 0925 0945 N 08 E 38 N    56      
1975 09 02 0925 0938 N 06 E 39 N   112      
1975 09 03 0427 0437 N 08 W 28 F            
1975 09 03 0815 0825 N 04 E 26 F            
1975 09 03 1238 1247 N 08 E 25 F            
1975 09 03 2115 2115 N 08 E 22 F            
1975 09 04 0645 0723 N 05 W 03 F            
1975 09 04 0654 0723 N 05 W 08 F    20      
1975 09 04 0911 0925 N 08 E 10 F    20      
1975 09 04 1022 1035 N 07 E 07 F            
1975 09 04 1107 1120 N 06 E 16 F            
1975 09 04 1302 1339 N 05 E 10 F    40      
1975 09 04 1303 1330 N 04 E 09 N    20      
1975 09 04 1305 1315 N 04 E 09 N    56      
1975 09 04 1325 1340 N 04 E 09 N    56      
1975 09 04 1340 1402 N 08 E 12 F    10      
1975 09 04 1641 1655 N 04 E 08 N    20      
1975 09 05 1630 1710 S 07 E 90 N    70      
1975 09 06 0700 0735 S 12 E 89 F    28      
1975 09 06 0813 0818 S 13 E 86 F    20      
1975 09 07 0655 0705 N 10 W 29 B    28      
1975 09 08 0159 0218 N 09 W 37 F    40      
1975 09 08 0201 0238 N 10 W 37 B    72      
1975 09 08 0715 0735 N 10 W 24 N    28      
1975 09 08 0720 0731 N 10 W 38 N    82      
1975 09 08 1620 1626 N 09 W 46 F            
1975 09 08 1832 1848 N 08 W 47 F            
1975 09 08 2200 2219 S 06 E 45 F            
1975 09 09 0635 0645 S 10 E 44 N            
1975 09 09 2144 2216 N 10 W 82 F            
1975 09 10 1416 1433 N 09 W 73 F    40      
1975 09 10 1416 1434 N 08 W 75 F    45      
1975 09 11 2017 2019 S 10 E 05 F    30      
1975 09 12 0105 0122 S 07 E 05 N    63      
1975 09 12 1430 1446 S 09 E 01 F    60      
1975 09 13 1048 1052 S 08 W 13 F    20      
1975 09 14 0956 1007 S 08 W 27 F    66      
1975 09 15 0805 0815 S 06 W 38 F            
1975 09 16 1435 1441 S 09 W 57 F    20      
1975 09 17 1746 1825 N 06 E 09 F    96      
1975 09 18 0606 0610 N 09 E 01 F   105      
1975 09 18 0806 0822 N 08 E 03 N            
1975 09 18 0842 0900 N 10 E 02 N            
1975 09 18 1349 1414 N 09 W 01 N    70      
1975 09 18 1351 1415 N 08 W 02 F    63      
1975 09 18 1354 1403 N 08 W 02 N    40      
1975 09 19 0940 1000 N 09 W 12 F    97      
1975 09 19 1002 1005 N 09 W 12 F    20      
1975 09 19 1047 1053 N 09 W 13 F            
1975 09 19 1112 1130 N 08 W 13 F    20      
1975 09 19 1113 1130 N 09 W 13 F            
1975 09 19 1123 1130 N 08 W 16 N            
1975 09 19 1150 1230 N 08 W 16 B            
1975 09 19 1155 1215 N 09 W 13 N    30      
1975 09 19 1235 1245 N 09 W 13 F            
1975 09 19 1245 1318 N 09 W 14 N            
1975 09 19 1259 1310 N 10 W 14 N            
1975 09 19 1320 1400 N 09 W 17 F    61      
1975 09 19 1415 1420 N 10 W 17 F    41      
1975 09 19 1440 1500 N 10 W 17 F    82      
1975 09 19 1522 1532 N 09 W 13 N    20      
1975 09 19 1658 1708 N 09 W 14 N    40      
1975 09 19 1706 1730 N 09 W 17 N   128      
1975 09 19 2052 2125 N 06 W 15 F    64      
1975 09 20 0508 0516 N 09 W 25 F    87      
1975 09 20 0640 0705 N 09 W 24 N    28      
1975 09 20 0642 0648 N 09 W 26 F    70      
1975 09 20 0952 0958 N 06 E 36 F            
1975 09 20 1006 1057 N 05 E 36 F            
1975 09 20 1016 1054 N 05 E 35 F    20      
1975 09 20 1215 1236 S 07 E 56 F            
1975 09 21 1515 1550 N 26 W 71 B            
1975 09 22 0810 0840 N 06 E 11 N            
1975 09 22 0842 0912 N 06 E 12 F            
1975 09 22 0945 1018 N 06 E 10 F            
1975 09 22 1045 1055 N 05 E 11 F            
1975 09 22 1050 1055 N 05 E 11 F    28      
1975 09 23 0920 0935 N 10 W 68 F    61      
1975 09 23 1000 1005 N 10 W 68 F    82      
1975 09 24 1432 1435 S 02 E 28 F    10      
1975 09 24 1557 1613 S 01 E 28 F    10      
1975 09 25 0613 0617 N 08 W 30 F    16      
1975 10 01 1419 1434 N 39 E 80 F            
1975 10 02 1452 1459 N 32 E 64 F            
1975 10 03 1153 1216 N 32 E 53 F    20      
1975 10 03 1154 1159 N 32 E 53 F    20      
1975 10 04 0424 0446 N 32 E 45 F            
1975 10 04 0633 0645 N 33 E 43 F            
1975 10 04 1116 1119 N 32 E 36 F            
1975 10 04 1220 1223 N 32 E 35 N            
1975 10 04 1302 1310 N 32 E 35 F            
1975 10 05 0851 0859 N 34 E 24 F    30      
1975 10 05 0851 0859 N 34 E 24 F    32      
1975 10 05 2130 2142 S 08 W 39 F    10      
1975 10 06 1355 1450 N 33 E 14 F    35      
1975 10 07 2024 2038 N 33 W 03 N    50      
1975 10 08 1406 1420 N 32 W 20 F    45      
1975 10 08 2341 2352 N 33 W 21 F    23      
1975 10 09 0848 0856 N 32 W 26 F    40      
1975 10 09 0850 0900 N 33 W 27 N            
1975 10 09 0851 0856 N 32 W 26 F    48      
1975 10 09 1618 1639 N 31 W 34 F    36      
1975 10 09 1624 1643 N 32 W 33 F    10      
1975 10 12 1225 1310 N 05 E 37 F            
1975 10 12 1325 1335 N 05 E 37 F            
1975 10 13 0825 0830 S 11 E 60 N            
1975 10 13 1615 1705 N 05 E 20 N   100      
1975 10 14 0808 0820 N 05 E 16 N            
1975 10 14 0845 0845 N 06 E 09 N            
1975 10 14 0918 0935 N 06 E 11 N    50      
1975 10 14 1020 1030 N 05 E 08 F    70      
1975 10 14 1132 1133 N 05 E 05 N    40      
1975 10 14 1225 1229 N 05 E 04 N    40      
1975 10 14 1426 1440 N 05 E 06 F    20      
1975 10 14 1519 1745 N 05 E 05 N    40      
1975 10 14 1537 1635 N 05 E 05 F    64      
1975 10 15 0605 0609 N 07 W 03 F    87      
1975 10 15 0620 0635 N 10 W 05 F    87      
1975 10 15 0715 0731 N 08 W 04 N    79      
1975 10 15 0840 0855 N 02 W 05 N   107      
1975 10 15 0845 0855 N 02 W 05 F            
1975 10 18 0940 0946 N 07 W 48 F    20      
1975 10 20 0053 0100 N 05 W 68 N    63      
1975 10 20 0813 0817 S 12 W 30 F    30      
1975 10 20 0815 0827 S 10 W 45 N            
1975 10 21 0813 0821 N 05 E 30 F    10      
1975 10 21 0855 0916 N 05 E 28 F    10      
1975 10 23 0638 0644 N 02 E 07 N            
1975 11 04 0827 0856 N 03 E 88 N            
1975 11 04 0834 0845 N 04 E 88 F   131      
1975 11 04 0927 0950 S 03 E 63 F    60      
1975 11 04 1019 1027 N 05 E 90 F    10      
1975 11 04 1047 1051 N 05 E 90 F    10      
1975 11 04 1122 1125 S 03 E 33 F    10      
1975 11 04 1150 1156 N 05 E 90 F    20      
1975 11 04 1218 1223 N 05 E 85 F    20      
1975 11 04 2050 2106 N 04 E 80 F     6      
1975 11 05 0041 0047 N 04 E 76 F    15      
1975 11 05 0649 0701 N 04 E 75 F            
1975 11 05 0810 0830 N 02 E 71 N            
1975 11 05 0835 0844 N 04 E 74 N            
1975 11 05 0943 1015 N 04 E 71 F            
1975 11 05 0948 1015 N 05 E 71 F    30      
1975 11 05 1018 1210 N 04 E 73 N    50      
1975 11 05 1235 1313 N 05 E 69 F            
1975 11 05 1257 1313 N 05 E 69 F    20      
1975 11 05 1345 1410 N 05 E 69 N    40      
1975 11 05 1422 1451 N 05 E 68 F            
1975 11 05 1458 1650 N 04 E 70 N            
1975 11 05 1655 1657 N 03 E 68 F            
1975 11 05 1710 1717 N 03 E 68 F    20      
1975 11 05 1710 1716 N 03 E 69 N    20      
1975 11 05 1737 1751 N 03 E 68 N    30      
1975 11 05 1743 1819 N 04 E 66 F    26      
1975 11 05 1835 1919 N 04 E 67 N   100      
1975 11 05 1835 2000 N 03 E 67 N   128      
1975 11 05 1845 1916 N 04 E 67 N            
1975 11 05 2011 2013 N 03 E 65 F            
1975 11 05 2139 2215 N 04 E 64 N    96      
1975 11 05 2340 2354 N 03 E 65 F            
1975 11 06 0115 0138 N 02 E 64 N   110      
1975 11 06 0116 0133 N 03 E 64 N   125      
1975 11 06 0504 0517 N 02 E 62 F    30      
1975 11 06 0625 0645 N 01 E 61 N   100      
1975 11 06 0850 0904 N 03 E 59 F            
1975 11 06 0850 0902 N 03 E 59 N    87      
1975 11 06 0922 0936 N 02 E 58 N   250      
1975 11 06 0922 0932 N 03 E 57 N    48      
1975 11 06 0926 0945 N 04 E 59 B   243      
1975 11 06 1157 1218 N 04 E 56 N   216      
1975 11 06 1206 1215 N 03 E 57 F    80      
1975 11 06 1708 1725 N 03 E 52 F    63      
1975 11 06 1710 1724 N 02 E 53 N            
1975 11 07 0737 0755 N 03 E 51 F    87      
1975 11 07 1508 1527 N 03 E 46 F    15      
1975 11 07 1742 1746 N 04 E 45 F            
1975 11 09 2317 2327 N 05 E 08 F    35      
1975 11 09 2318 2326 N 05 E 08 F    18      
1975 11 10 0100 0112 N 05 E 08 B    72      
1975 11 10 0232 0248 N 05 E 08 B    90      
1975 11 10 0721 0736 N 02 E 06 N    80      
1975 11 10 0723 0732 N 03 E 04 N    60      
1975 11 10 0735 0810 N 02 E 03 N    84      
1975 11 10 0830 0850 N 02 E 03 N    84      
1975 11 10 0842 0846 N 02 E 06 F    32      
1975 11 10 1129 1141 N 02 E 00 N   180      
1975 11 10 1137 1156 N 03 E 00 N   150      
1975 11 10 1428 1447 N 04 W 01 N    36      
1975 11 11 0109 0125 N 04 W 05 F    60      
1975 11 11 0111 0124 N 03 W 06 N    90      
1975 11 11 0112 0115 N 04 W 04 F    38      
1975 11 11 0900 0910 N 02 W 10 F    56      
1975 11 12 2024 2032 N 02 W 26 F    21      
1975 11 12 2035 2052 S 12 E 09 F    42      
1975 11 12 2144 2156 N 02 W 28 F            
1975 11 14 0334 0338 N 02 W 47 F            
1975 11 14 0409 0423 S 08 E 77 N    70      
1975 11 14 0416 0427 S 07 E 75 N    80      
1975 11 14 0646 0706 N 07 E 18 F    70      
1975 11 14 0807 0835 N 06 E 26 N            
1975 11 14 0952 1006 S 06 E 71 F            
1975 11 14 1002 1006 S 08 E 70 F    10      
1975 11 14 1141 1159 N 06 E 23 F    63      
1975 11 14 1148 1159 N 07 E 24 F    64      
1975 11 14 1241 1245 S 08 E 69 F    10      
1975 11 14 1256 1259 S 07 E 86 F    20      
1975 11 14 1303 1311 N 05 E 21 F    50      
1975 11 14 1304 1309 N 05 E 21 N    50      
1975 11 14 1334 1339 S 08 E 68 F    10      
1975 11 14 1413 1455 S 08 E 67 F    40      
1975 11 15 0942 0950 N 05 W 63 F    70      
1975 11 15 0945 1000 N 03 W 63 F   112      
1975 11 15 0954 1011 N 09 W 56 F    40      
1975 11 15 1121 1125 S 08 E 60 F            
1975 11 15 1140 1225 S 08 E 59 N   230      
1975 11 15 1141 1210 S 08 E 58 B   200      
1975 11 15 1145 1230 S 07 E 57 B   505      
1975 11 15 1357 1402 S 08 E 60 F            
1975 11 15 1421 1424 S 08 E 59 F            
1975 11 15 1654 1720 S 09 E 56 F            
1975 11 15 1842 1846 S 09 E 57 F            
1975 11 15 1847 2002 S 06 E 60 N   100      
1975 11 15 1847 2022 S 05 E 61 N   135      
1975 11 15 1905 1925 S 07 E 57 N   128      
1975 11 15 2137 2157 S 10 E 53 F            
1975 11 15 2307 2324 S 08 E 53 N            
1975 11 15 2308 2324 S 09 E 53 F    40      
1975 11 16 0044 0112 S 08 E 50 F            
1975 11 16 0129 0153 S 07 E 51 F            
1975 11 16 0145 0153 S 07 E 51 F    30      
1975 11 16 0202 0222 S 07 E 51 N   110      
1975 11 16 0208 0229 S 08 E 50 N   110      
1975 11 16 0239 0253 S 08 E 50 F            
1975 11 16 0537 0621 S 07 E 47 B   150      
1975 11 16 0540 0631 S 07 E 47 B   177      
1975 11 16 0555 0556 S 07 E 47 N   192      
1975 11 16 1111 1325 S 09 E 47 B   200      
1975 11 16 1115 1121 S 09 E 44 N    42      
1975 11 16 1450 1520 S 08 E 43 B    70      
1975 11 16 1740 1755 S 04 E 44 F    50      
1975 11 16 1744 1749 S 05 E 45 F    40      
1975 11 16 2007 2024 S 08 E 42 F   135      
1975 11 16 2014 2018 S 08 E 40 F    80      
1975 11 16 2138 2226 N 05 W 76 F            
1975 11 17 0014 0020 S 08 E 37 F            
1975 11 17 1145 1240 S 07 E 30 N   110      
1975 11 17 1149 1240 S 08 E 31 N   128      
1975 11 17 1150 1210 S 08 E 32 N    58      
1975 11 17 1310 1335 S 07 E 29 F            
1975 11 17 1352 1430 S 07 E 27 F            
1975 11 17 1434 1510 S 07 E 27 F            
1975 11 17 1645 1657 S 07 E 33 N    35      
1975 11 17 1645 1656 S 07 E 33 N    30      
1975 11 17 1659 1701 S 07 E 33 N    35      
1975 11 17 1823 1842 S 09 E 28 N    50      
1975 11 17 1945 1949 S 09 E 26 N    40      
1975 11 18 0752 0757 S 08 E 19 N    50      
1975 11 18 0754 0805 S 06 E 37 F    48      
1975 11 18 0838 0843 S 08 E 19 N   100      
1975 11 18 0851 0903 S 08 E 19 N   100      
1975 11 18 0956 1009 N 05 W 31 F    10      
1975 11 18 1020 1035 S 08 E 18 F    20      
1975 11 18 1035 1055 S 06 E 17 F    20      
1975 11 18 1037 1104 N 07 W 33 N    30      
1975 11 18 1323 1520 S 07 E 16 N            
1975 11 18 1323 1352 S 08 E 17 F    32      
1975 11 18 1730 1905 S 08 E 16 F            
1975 11 18 1905 2021 S 07 E 19 N   130      
1975 11 18 1908 2021 S 08 E 18 N   140      
1975 11 19 0248 0254 S 08 E 10 B    90      
1975 11 19 0328 0350 S 09 E 09 N   110      
1975 11 19 0451 0503 N 04 W 45 F    30      
1975 11 19 0724 0741 S 09 E 08 N   160      
1975 11 19 0732 0734 S 08 E 07 N   130      
1975 11 19 0830 0851 S 07 E 06 N   113      
1975 11 19 0848 0852 S 09 E 07 B    37      
1975 11 19 1131 1135 N 06 W 49 F    10      
1975 11 19 1155 1210 S 06 E 06 N    10      
1975 11 19 1230 1237 S 07 E 04 F    20      
1975 11 19 1340 1345 S 06 E 05 F    20      
1975 11 19 1342 1357 N 06 W 49 N    30      
1975 11 19 1429 1450 S 08 E 04 N    80      
1975 11 19 1432 1448 S 07 E 04 N   122      
1975 11 19 1445 1450 S 08 E 03 N    56      
1975 11 19 1645 1715 S 09 E 03 F    40      
1975 11 19 1851 1915 S 09 E 01 N    60      
1975 11 19 1932 1942 S 07 E 00 B    20      
1975 11 20 0828 0834 S 08 W 03 F    30      
1975 11 20 1141 1144 S 08 W 09 F    20      
1975 11 20 1450 1505 S 09 W 04 N    28      
1975 11 20 2324 2330 S 08 W 12 F    60      
1975 11 21 0605 0840 S 06 W 23 B   262      
1975 11 21 0610 0720 S 07 W 20 B   304      
1975 11 21 0610 0704 S 08 W 21 B   388      
1975 11 21 0610 0720 S 07 W 20 B   368      
1975 11 21 0621 0746 S 08 W 22 N   240      
1975 11 21 0807 0825 S 06 W 25 N            
1975 11 21 0810 0825 S 07 W 25 N    84      
1975 11 21 0850 0940 S 07 W 25 N    56      
1975 11 21 1248 1253 S 08 W 24 F            
1975 11 21 1255 1320 S 04 W 19 F            
1975 11 22 0943 0957 S 07 W 29 F    30      
1975 11 22 0947 0957 S 07 W 30 F    20      
1975 11 22 1012 1200 S 09 W 28 F   110      
1975 11 22 1013 1140 S 08 W 27 N   150      
1975 11 22 1404 1411 S 05 W 34 F    40      
1975 11 22 1405 1410 S 05 W 34 F    50      
1975 11 23 0950 0957 S 04 W 44 F    31      
1975 11 24 0855 0855 S 10 W 67 F     9      
1975 12 03 0419 0453 N 01 E 14 F    40      
1975 12 03 0439 0447 N 02 E 13 N    60      
1975 12 04 2031 2040 N 04 E 00 F   117      
1975 12 05 0740 0855 N 06 W 06 B   349      
1975 12 05 1620 1632 N 03 W 17 F            
1975 12 06 0837 0845 N 04 W 26 N            
1975 12 06 1117 1121 N 04 W 29 F            
1975 12 06 1740 1750 N 04 W 32 F    30      
1975 12 06 1741 1750 N 04 W 32 F    32      
1975 12 06 1949 2023 N 04 W 33 F            
1975 12 06 2231 2427 N 05 W 35 F            
1975 12 07 0110 0131 N 04 W 36 N            
1975 12 07 0116 0133 N 04 W 36 N   188      
1975 12 07 0136 0150 N 05 W 37 N    50      
1975 12 07 0141 0150 N 04 W 36 F   134      
1975 12 07 0606 0609 N 05 W 40 N    90      
1975 12 07 0608 0614 N 06 W 39 N    40      
1975 12 07 1137 1143 N 06 W 42 N    60      
1975 12 07 1440 1446 N 08 W 37 F            
1975 12 08 1355 1415 N 08 W 50 N            
1975 12 08 1418 1433 N 05 W 52 F   200      
1975 12 08 1418 1433 N 05 W 52 F   144      
1975 12 08 2259 2304 N 04 W 65 F    30      
1975 12 09 0039 0048 N 04 W 66 F    20      
1975 12 10 1727 1753 N 03 W 88 F            
1975 12 11 0926 0944 N 06 W 90 N    58      
1975 12 15 0925 0940 S 06 E 20 N    56      
1975 12 23 0940 1000 S 05 E 90 F            
1975 12 23 1028 1048 S 05 E 90 F            
1975 12 23 1031 1049 S 05 E 90 N    30      
1975 12 24 1202 1207 S 13 W 26 F    40      
