1976 01 01 0647 0655 S 12 E 80 F            
1976 01 01 1909 1914 S 09 W 46 F            
1976 01 05 0915 0940 N 06 W 90 N            
1976 01 11 0800 0855 S 09 E 90 F            
1976 01 11 0905 1005 S 13 E 90 F            
1976 01 11 1450 1520 S 13 E 90 F            
1976 01 11 2139 2153 S 09 E 81 F    60      
1976 01 11 2140 2153 S 11 E 82 N    46      
1976 01 12 0036 0054 S 10 E 80 N   108      
1976 01 12 0406 0418 S 11 E 78 N    60      
1976 01 12 0634 0708 S 09 E 82 N   180      
1976 01 12 0810 0830 S 12 E 73 F            
1976 01 12 0828 0832 S 11 E 77 F    30      
1976 01 12 0928 0930 S 11 E 77 F    20      
1976 01 12 0950 1009 S 11 E 72 F    40      
1976 01 12 0958 1005 S 09 E 70 N   180      
1976 01 12 1040 1110 S 12 E 75 F    20      
1976 01 12 1113 1140 S 12 E 75 N    40      
1976 01 12 1319 1328 S 12 E 73 F            
1976 01 12 1345 1425 S 12 E 75 N            
1976 01 12 1350 1355 S 12 E 73 F    20      
1976 01 12 1400 1404 S 12 E 73 N    40      
1976 01 12 1500 1508 S 10 E 76 F    48      
1976 01 12 1833 1932 S 12 E 74 F    40      
1976 01 12 1945 2002 S 12 E 73 N    30      
1976 01 12 2049 2056 S 12 E 72 N    26      
1976 01 12 2109 2117 S 11 E 72 N    40      
1976 01 12 2200 2247 S 12 E 68 N    51      
1976 01 12 2255 2300 S 12 E 68 F    48      
1976 01 13 0858 0914 S 12 E 65 N    40      
1976 01 13 0859 0925 S 12 E 64 N    97      
1976 01 13 0903 0916 S 14 E 61 B    32      
1976 01 13 1029 1037 S 12 E 65 F            
1976 01 13 1402 1426 S 11 E 62 F    40      
1976 01 13 1421 1426 S 10 E 62 F    50      
1976 01 14 0314 0323 S 11 E 53 N    60      
1976 01 14 0314 0320 S 12 E 52 B    41      
1976 01 14 0820 0827 S 14 E 53 F            
1976 01 14 0827 0837 S 11 E 53 F    45      
1976 01 14 0829 0840 S 11 E 53 F    54      
1976 01 14 0858 0901 S 12 E 55 F    10      
1976 01 14 0917 0926 S 10 E 49 N    48      
1976 01 14 0917 0926 S 12 E 52 N    32      
1976 01 14 0918 0927 S 12 E 54 N    30      
1976 01 14 1040 1055 S 12 E 53 N            
1976 01 14 1040 1054 S 12 E 53 F    71      
1976 01 14 1044 1055 S 12 E 52 N    32      
1976 01 14 1046 1054 S 11 E 53 F    40      
1976 01 14 1155 1207 S 12 E 52 B    16      
1976 01 14 1156 1210 S 12 E 52 N    70      
1976 01 14 1202 1211 S 11 E 52 F    20      
1976 01 14 1204 1215 S 10 E 50 N    60      
1976 01 14 1338 1352 S 12 E 52 F    51      
1976 01 14 1339 1350 S 11 E 50 B    48      
1976 01 14 1408 1417 S 12 E 50 F    60      
1976 01 14 1408 1416 S 13 E 50 N    70      
1976 01 14 1436 1444 S 13 E 51 F    30      
1976 01 14 1533 1550 S 13 E 50 N   100      
1976 01 14 1733 1745 S 12 E 47 F    40      
1976 01 14 1832 1850 S 13 E 49 B    50      
1976 01 14 1833 1852 S 11 E 46 B    54      
1976 01 14 1859 1915 S 12 E 46 N    35      
1976 01 14 1906 1910 S 12 E 43 N    31      
1976 01 14 2152 2214 S 12 E 42 B    63      
1976 01 15 0146 0159 S 08 E 41 B            
1976 01 15 0207 0240 S 13 E 41 N            
1976 01 15 0208 0240 S 14 E 42 F    30      
1976 01 15 0227 0238 S 12 E 44 B    81      
1976 01 15 1050 1050 S 11 E 36 F    30      
1976 01 15 1321 1324 S 12 E 38 F    10      
1976 01 15 1513 1521 S 11 E 38 F    10      
1976 01 16 0955 1005 S 12 E 25 F    82      
1976 01 16 1938 1942 S 11 E 18 F    20      
1976 01 17 0137 0147 S 13 E 16 B            
1976 01 17 1040 1050 S 09 E 12 F    45      
1976 01 17 1041 1049 S 09 E 12 F    30      
1976 01 17 2142 2149 S 15 E 02 F    30      
1976 01 18 0154 0203 S 13 W 02 N    27      
1976 01 18 1131 1141 S 13 W 08 F   108      
1976 01 18 1347 1403 S 13 W 08 N            
1976 01 18 1412 1436 S 10 W 03 F            
1976 01 19 0208 0242 S 13 W 11 F    80      
1976 01 19 0209 0244 S 15 W 10 F    30      
1976 01 19 0820 0906 S 12 W 15 F   180      
1976 01 19 0826 0900 S 13 W 14 F   215      
1976 01 19 1145 1152 S 11 W 21 F            
1976 01 20 0142 0203 S 12 W 25 N            
1976 01 20 0143 0202 S 12 W 25 F    23      
1976 01 20 1251 1258 S 11 W 29 F    20      
1976 01 20 1411 1427 S 13 W 35 F            
1976 01 20 1527 1535 S 13 W 36 F            
1976 01 21 0933 0943 S 12 W 46 F            
1976 01 28 0956 1018 S 05 W 07 F    20      
1976 01 28 0956 1018 S 06 W 08 F    20      
1976 01 28 1222 1231 N 07 E 58 F    10      
1976 01 28 1515 1600 N 07 E 56 F    10      
1976 01 29 1228 1244 N 07 E 45 F    20      
1976 01 30 1913 1916 N 05 W 90 F    15      
1976 02 01 0820 0825 S 02 W 65 F    87      
1976 02 02 1334 1348 S 04 W 88 F            
1976 02 10 1111 1120 N 25 W 30 N    60      
1976 02 12 2141 2158 S 12 E 13 F    32      
1976 02 13 0832 0842 S 12 E 06 F    87      
1976 02 13 1000 1005 S 12 E 06 N    56      
1976 02 14 0846 0850 S 15 W 04 F    44      
1976 02 15 0617 0625 S 15 W 16 F    87      
1976 02 16 0710 0720 S 10 W 33 F    87      
1976 02 16 1140 1222 S 03 E 90 F            
1976 02 17 0801 0808 S 11 W 47 F    79      
1976 02 20 0638 0646 S 04 E 37 F    70      
1976 02 20 0940 0959 S 02 E 34 F    40      
1976 02 20 1025 1046 S 02 E 34 F    60      
1976 02 21 0859 0914 S 03 E 21 F    40      
1976 02 25 1600 1612 S 10 E 15 F    30      
1976 02 26 1044 1112 N 05 E 86 N    30      
1976 02 26 1156 1212 N 05 E 85 F            
1976 03 07 0634 0653 S 04 W 51 F    70      
1976 03 07 0637 0645 S 05 W 50 F    50      
1976 03 07 0740 0810 S 04 W 50 F   131      
1976 03 07 0939 0943 S 05 E 52 F    27      
1976 03 08 0710 0725 S 04 W 60 F    87      
1976 03 08 2201 2240 S 33 E 42 F    42      
1976 03 09 0729 0745 S 34 E 40 F    44      
1976 03 09 2055 2103 S 04 W 82 F    10      
1976 03 11 0641 0700 S 33 E 14 F    87      
1976 03 13 1044 1056 S 34 W 15 F    87      
1976 03 14 1830 1848 S 35 W 31 N    41      
1976 03 14 1833 1848 S 34 W 30 N    48      
1976 03 16 0156 0203 S 35 W 49 F            
1976 03 16 0908 1030 N 05 E 41 N            
1976 03 16 0908 1030 N 04 E 43 F            
1976 03 16 1120 1200 N 07 E 41 F            
1976 03 17 1442 1447 N 06 E 26 F            
1976 03 17 1558 1628 N 06 E 25 F            
1976 03 17 1748 1805 S 07 E 28 F            
1976 03 17 1753 1805 S 07 E 28 F    45      
1976 03 17 1814 1820 S 07 E 27 F    20      
1976 03 17 1833 1833 N 05 E 22 F    30      
1976 03 17 1922 1940 N 05 E 24 F    40      
1976 03 17 2004 2008 N 05 E 25 F    50      
1976 03 18 0642 0657 N 06 E 18 F    20      
1976 03 18 0702 0739 N 06 E 17 F    20      
1976 03 18 1104 1116 N 06 E 11 F    36      
1976 03 18 1411 1425 N 06 E 10 F    30      
1976 03 18 1412 1425 N 06 E 10 F    20      
1976 03 18 1521 1526 N 05 E 11 F            
1976 03 18 1535 1544 N 06 E 10 F            
1976 03 18 1718 1732 N 05 E 10 F            
1976 03 18 1833 1838 N 04 E 09 F            
1976 03 19 0042 0049 N 04 E 03 F            
1976 03 19 0651 0700 N 07 E 02 N            
1976 03 19 0945 0958 N 04 W 02 F            
1976 03 19 1245 1253 N 05 W 07 F            
1976 03 19 1310 1318 N 05 W 09 F            
1976 03 20 0754 0803 N 03 W 18 N            
1976 03 20 1003 1019 N 03 W 19 N            
1976 03 20 1246 1254 N 04 W 20 F            
1976 03 20 1356 1408 N 05 W 20 F            
1976 03 20 1425 1429 N 03 W 20 F            
1976 03 20 1435 1456 N 03 W 20 F    50      
1976 03 20 1436 1457 N 03 W 20 F    20      
1976 03 20 1450 1450 N 02 W 21 N    56      
1976 03 20 1752 1815 N 02 W 22 N    32      
1976 03 20 1840 1903 N 05 W 21 F    42      
1976 03 20 2006 2039 N 18 W 22 F    32      
1976 03 20 2132 2138 N 04 W 25 F    20      
1976 03 20 2144 2215 N 03 W 25 F    50      
1976 03 20 2151 2201 N 04 W 23 N    90      
1976 03 21 0040 0105 S 07 W 13 F            
1976 03 21 0128 0202 N 03 W 26 N   110      
1976 03 21 0129 0157 N 02 W 27 N    60      
1976 03 21 0140 0208 N 04 W 28 N   144      
1976 03 21 0203 0215 N 02 W 27 N   110      
1976 03 21 0502 0532 N 04 W 27 N    48      
1976 03 21 0651 0658 N 04 W 26 F            
1976 03 21 0750 0835 N 04 W 29 B            
1976 03 21 0756 0835 N 04 W 28 B   159      
1976 03 21 0949 1004 N 04 W 26 N            
1976 03 21 0950 0958 N 04 W 30 N    43      
1976 03 21 1016 1032 N 02 W 31 F    20      
1976 03 21 1030 1032 N 04 W 28 F    20      
1976 03 21 1306 1310 N 03 W 35 N   131      
1976 03 21 1357 1447 N 06 W 28 F    20      
1976 03 21 1358 1412 N 05 W 29 F    21      
1976 03 21 1513 1517 N 03 W 35 N            
1976 03 21 1558 1609 N 03 W 28 F            
1976 03 21 1829 1924 N 03 W 34 B   110      
1976 03 21 1838 1930 N 01 W 36 B   149      
1976 03 21 1843 1847 N 03 W 35 B    78      
1976 03 21 1930 1935 N 05 W 31 F    21      
1976 03 21 2228 2245 N 02 W 37 N    42      
1976 03 21 2231 2236 N 04 W 35 N    90      
1976 03 21 2259 2308 N 04 W 36 N    40      
1976 03 21 2259 2310 N 03 W 35 F    42      
1976 03 21 2353 2358 N 02 W 42 B            
1976 03 22 0121 0127 N 04 W 41 F            
1976 03 22 0427 0436 N 03 W 41 N            
1976 03 22 0430 0436 N 05 W 41 N            
1976 03 22 0646 0653 N 07 W 39 F    70      
1976 03 22 0800 0814 N 02 W 43 B   122      
1976 03 22 0809 0905 N 02 W 42 B   107      
1976 03 22 0832 0912 N 07 W 45 F            
1976 03 22 2156 2237 N 03 W 51 N    90      
1976 03 22 2212 2228 N 03 W 53 N    60      
1976 03 22 2217 2254 N 04 W 53 N   125      
1976 03 23 0114 0147 N 03 W 55 F    40      
1976 03 23 0124 0135 N 02 W 54 F    60      
1976 03 23 0616 0628 N 02 W 57 N    90      
1976 03 23 0837 0841 S 05 E 90 B    80      
1976 03 23 0907 0945 S 06 E 90 N    35      
1976 03 23 0917 1046 S 09 E 90 B            
1976 03 23 1027 1033 N 04 W 58 F    20      
1976 03 23 1539 1544 N 04 W 61 F    10      
1976 03 23 1718 1730 N 03 W 64 N    40      
1976 03 23 2237 2258 S 00 W 65 F    21      
1976 03 24 0011 0027 N 01 W 66 B    85      
1976 03 24 0017 0036 N 02 W 67 N   100      
1976 03 24 0515 0516 N 02 W 71 F            
1976 03 24 0914 0939 N 07 W 70 F            
1976 03 24 1021 1025 N 03 W 70 F            
1976 03 24 1032 1040 N 07 W 70 F            
1976 03 24 1209 1221 N 07 W 72 F            
1976 03 24 1334 1346 S 09 E 83 F    70      
1976 03 24 1336 1348 S 08 E 82 N    70      
1976 03 24 1433 1444 S 08 E 81 N    30      
1976 03 24 1502 1508 S 11 E 85 F    51      
1976 03 24 1900 1913 S 11 E 85 F            
1976 03 24 2028 2048 S 11 E 77 F    21      
1976 03 25 0019 0025 N 04 W 80 F    30      
1976 03 25 0612 0622 S 05 E 88 F    87      
1976 03 25 0703 0709 N 03 W 88 N            
1976 03 25 0704 0714 S 05 E 76 F            
1976 03 25 0725 0744 S 06 E 73 F            
1976 03 25 0822 0838 S 06 E 73 F            
1976 03 25 0914 0941 S 06 E 74 F    45      
1976 03 25 0922 0939 S 07 E 76 N    60      
1976 03 25 1154 1219 S 07 E 75 F    40      
1976 03 25 1203 1300 S 06 E 75 B   100      
1976 03 25 1203 1300 S 06 E 75 B   120      
1976 03 25 1305 1430 S 05 E 71 B   125      
1976 03 25 1322 1343 S 05 E 67 N    96      
1976 03 25 1636 1830 S 05 E 68 N            
1976 03 25 1636 1830 S 05 E 68 N            
1976 03 25 1909 1924 S 05 E 67 N    40      
1976 03 25 2039 2053 S 05 E 67 F    40      
1976 03 25 2310 2318 S 07 E 67 F    40      
1976 03 26 0001 0011 S 05 E 64 F    30      
1976 03 26 0144 0212 S 05 E 62 N            
1976 03 26 0233 0337 S 05 E 67 B            
1976 03 26 0656 0712 S 03 E 62 F   131      
1976 03 26 0715 0739 S 06 E 65 B            
1976 03 26 0718 0742 S 03 E 70 N   131      
1976 03 26 0721 0735 S 06 E 64 B   100      
1976 03 26 0758 0807 S 08 E 60 N            
1976 03 26 0830 0858 S 09 E 59 N            
1976 03 26 0831 0858 S 08 E 60 B   150      
1976 03 26 0833 0858 S 08 E 58 F    30      
1976 03 26 0932 0941 S 04 E 64 F            
1976 03 26 1139 1150 S 04 E 61 F            
1976 03 26 1334 1401 S 04 E 61 F    60      
1976 03 26 1336 1354 S 04 E 60 F    40      
1976 03 26 1339 1401 S 04 E 63 F    82      
1976 03 26 1356 1409 S 03 E 59 F    36      
1976 03 26 1439 1504 S 08 E 61 B   108      
1976 03 26 1441 1453 S 07 E 62 N    61      
1976 03 26 1944 1958 S 08 W 26 F    10      
1976 03 26 2300 2311 S 07 E 51 F    80      
1976 03 27 0201 0222 S 07 E 51 N   106      
1976 03 27 0318 0337 S 07 E 50 N   100      
1976 03 27 0318 0337 S 07 E 50 N   101      
1976 03 27 0518 0526 S 07 E 56 F            
1976 03 27 0550 0610 S 10 E 48 F            
1976 03 27 0626 0641 S 07 E 52 N    80      
1976 03 27 0628 0640 S 08 E 52 N    60      
1976 03 27 0629 0640 S 08 E 53 N   110      
1976 03 27 0720 0738 S 05 E 52 B   110      
1976 03 27 0726 0730 S 06 E 53 F    80      
1976 03 27 1156 1240 S 10 E 49 N   120      
1976 03 27 1204 1220 S 17 E 48 N   306      
1976 03 27 1211 1230 S 06 E 50 N   120      
1976 03 27 1428 1455 S 05 E 48 F    50      
1976 03 27 1429 1500 S 06 E 47 N    42      
1976 03 27 1440 1450 S 04 E 48 F    60      
1976 03 27 1803 1824 S 06 E 46 F    21      
1976 03 27 1938 2000 S 09 E 46 F    21      
1976 03 27 2043 2108 S 08 E 42 N    63      
1976 03 27 2327 2357 S 07 E 43 N            
1976 03 27 2328 2357 S 07 E 44 N    30      
1976 03 27 2353 2400 S 08 E 43 F    50      
1976 03 28 0003 0024 S 08 E 44 B   143      
1976 03 28 0202 0215 N 05 W 45 F    30      
1976 03 28 0357 0412 N 06 W 46 F    30      
1976 03 28 0546 0615 S 05 E 42 F    44      
1976 03 28 0551 0610 S 09 E 34 N    60      
1976 03 28 0600 0611 S 07 E 42 B   166      
1976 03 28 0604 0615 S 09 E 37 B    94      
1976 03 28 0638 0716 N 07 W 49 F    35      
1976 03 28 0922 1002 S 08 E 31 N            
1976 03 28 0928 1004 S 09 E 31 N    30      
1976 03 28 1110 1130 S 08 E 32 N            
1976 03 28 1234 1252 S 06 E 37 B    60      
1976 03 28 1235 1247 S 06 E 36 N    70      
1976 03 28 1342 1353 S 06 E 37 F    20      
1976 03 28 1343 1353 S 05 E 38 N    25      
1976 03 28 1534 1550 S 06 E 26 F    20      
1976 03 28 1538 1600 S 05 E 26 N    25      
1976 03 28 1623 1631 N 07 W 52 F    20      
1976 03 28 1625 1634 S 06 E 25 F            
1976 03 28 1738 1805 S 07 E 27 N    80      
1976 03 28 1739 1825 S 06 E 26 B   100      
1976 03 28 1834 1855 S 07 E 26 N    60      
1976 03 28 1841 1903 S 05 E 25 N    50      
1976 03 28 1905 2021 S 07 E 28 B   260      
1976 03 28 1905 1921 S 07 E 28 B   250      
1976 03 28 1915 2000 S 06 E 27 B   300      
1976 03 28 1915 1929 S 07 E 28 B   235      
1976 03 28 2058 2109 S 07 E 23 N    56      
1976 03 28 2148 2209 S 05 E 32 F            
1976 03 29 0415 0447 S 11 E 19 F            
1976 03 29 0523 0537 S 06 E 19 N    70      
1976 03 29 0523 0524 S 07 E 19 N    80      
1976 03 29 0800 0810 N 06 W 63 F    20      
1976 03 29 0825 0900 N 06 W 62 F    24      
1976 03 29 0908 0918 S 06 E 17 F    30      
1976 03 29 0908 0927 S 06 E 16 N   300      
1976 03 29 0910 0921 N 07 W 61 F            
1976 03 29 0942 1004 N 05 W 62 N            
1976 03 29 1040 1114 S 10 E 23 N    80      
1976 03 29 1042 1122 S 09 E 23 N    60      
1976 03 29 1043 1057 S 08 E 20 N    45      
1976 03 29 1049 1057 S 10 E 22 F    48      
1976 03 29 1152 1240 S 11 E 27 F   300      
1976 03 29 1237 1253 S 07 E 16 N    80      
1976 03 29 1237 1253 S 08 E 16 B    70      
1976 03 29 1240 1253 S 07 E 16 F    60      
1976 03 29 1329 1410 S 09 E 23 F    20      
1976 03 29 1701 1717 S 07 E 16 F    36      
1976 03 29 1710 1717 S 07 E 18 F    48      
1976 03 29 1751 1807 S 11 E 20 F    63      
1976 03 30 0353 0415 S 09 E 14 N            
1976 03 30 0403 0412 S 07 E 13 B            
1976 03 30 0531 0539 S 07 E 06 F    60      
1976 03 30 0910 0953 N 07 W 81 F    34      
1976 03 30 1023 1057 S 08 E 06 F   190      
1976 03 30 1027 1153 S 06 E 08 F            
1976 03 30 1138 1151 S 07 E 05 F    40      
1976 03 30 1139 1151 S 07 E 05 F    48      
1976 03 30 1250 1252 S 08 E 07 N            
1976 03 30 1322 1339 S 08 E 07 F            
1976 03 30 1329 1339 S 08 E 07 F    42      
1976 03 30 2100 2116 S 10 E 05 N    30      
1976 03 30 2101 2112 S 06 E 03 N    21      
1976 03 30 2106 2117 S 11 E 06 N    20      
1976 03 30 2138 2151 S 11   00 F    35      
1976 03 30 2138 2154 S 11 E 00 N    25      
1976 03 30 2140 2147 S 10 E 01 F    36      
1976 03 31 0104 0110 S 11 W 02 0    63      
1976 03 31 0155 0203 S 08 E 02 0   314      
1976 03 31 0159 0208 S 08 W 03 F    63      
1976 03 31 0424 0429 N 07 W 90 F            
1976 03 31 0424 0442 S 11 W 04 F    40      
1976 03 31 0426 0442 S 12 W 04 F    30      
1976 03 31 0453 0507 S 08 W 04 N    70      
1976 03 31 0457 0506 S 07 W 03 N   174      
1976 03 31 0703 0714 S 09 W 01 F            
1976 03 31 0705 0715 S 10 W 01 N    56      
1976 03 31 0706 0715 S 09 W 01 F   286      
1976 03 31 0816 0826 N 05 W 90 F    20      
1976 03 31 0843 0903 N 05 W 90 F    20      
1976 03 31 0855 0900 S 10 W 04 F    20      
1976 03 31 0946 1018 S 12 W 07 F   183      
1976 03 31 1001 1007 S 11 W 08 F    40      
1976 03 31 1053 1057 S 10 W 03 F    20      
1976 03 31 1138 1350 S 07 W 09 N            
1976 03 31 1140 1400 S 08 W 10 N   224      
1976 03 31 1146 1210 S 07 W 10 N   300      
1976 03 31 1154 1310 S 05 W 08 N   350      
1976 03 31 1202 1212 S 06 W 09 N   192      
1976 03 31 1218 1545 S 09 W 09 N   700      
1976 03 31 1356 1407 S 08 W 09 F            
1976 03 31 1400 1409 S 05 W 11 N   122      
1976 03 31 1437 1442 S 10 W 05 N   122      
1976 03 31 1438 1442 S 10 W 05 N   204      
1976 03 31 1445 1508 S 11 W 08 F    64      
1976 03 31 1830 1905 S 10 W 12 N    45      
1976 03 31 1840 1845 S 10 W 13 F    30      
1976 03 31 2127 2148 S 09 W 08 F    53      
1976 03 31 2140 2146 S 07 W 07 F    27      
1976 04 01 1041 1108 S 11 W 19 N    80      
1976 04 01 1042 1052 S 12 W 19 N    33      
1976 04 01 1056 1103 S 12 W 19 F    33      
1976 04 01 1442 1508 S 07 W 19 F    40      
1976 04 02 0455 0510 S 07 W 33 F    40      
1976 04 02 0722 0754 S 05 W 30 F            
1976 04 02 0755 0758 S 05 W 31 F    80      
1976 04 02 0755 0757 S 04 W 30 F    79      
1976 04 02 0857 0903 S 08 W 28 F    70      
1976 04 02 0900 0905 S 10 W 28 N    56      
1976 04 02 1205 1243 S 06 W 36 N   110      
1976 04 02 1208 1240 S 07 W 37 F   250      
1976 04 02 1555 1625 S 13 W 37 B            
1976 04 03 0810 0815 S 07 W 47 F            
1976 04 03 0840 0900 S 07 W 47 F            
1976 04 03 1015 1034 S 05 W 44 F            
1976 04 03 2052 2103 S 07 W 51 F            
1976 04 05 1622 1630 S 11 W 77 F    50      
1976 04 05 1623 1630 S 08 W 78 N    60      
1976 04 05 1628 1630 S 12 W 75 F    45      
1976 04 06 1351 1358 S 05 E 81 F    19      
1976 04 09 0019 0050 N 06 E 80 F   134      
1976 04 11 1754 1809 N 06 E 39 N    45      
1976 04 14 0549 0558 N 05 E 02 F    20      
1976 04 14 0648 0652 N 06 W 01 F            
1976 04 14 1145 1158 N 05 W 03 F    20      
1976 04 14 1147 1201 N 05 W 02 F    20      
1976 04 14 1203 1231 S 13 W 09 F    10      
1976 04 14 1410 1510 N 04 W 01 N            
1976 04 14 1415 1420 N 03 W 03 F    98      
1976 04 14 1430 1435 N 04 W 01 N   112      
1976 04 16 1012 1015 N 03 E 49 F    20      
1976 04 16 1205 1215 N 07 W 25 N   112      
1976 04 16 2326 2353 N 07 W 32 F    30      
1976 04 17 1220 1245 S 09 E 50 N    56      
1976 04 18 1226 1228 N 02 W 53 F    32      
1976 04 19 1100 1108 N 02 W 64 F    30      
1976 04 19 1105 1113 N 02 W 65 F    27      
1976 04 20 0214 0245 N 01 W 77 F    20      
1976 04 20 0653 0656 N 06 W 06 F    10      
1976 04 20 0757 0803 N 08 W 07 F    10      
1976 04 20 1233 1313 N 04 W 09 F    27      
1976 04 20 1740 1846 N 04 W 78 F    63      
1976 04 20 1834 1846 N 03 W 77 F    64      
1976 04 21 1522 1540 N 04 W 24 N    45      
1976 04 22 0703 0709 S 10 W 17 F            
1976 04 22 1537 1630 S 11 W 21 N    60      
1976 04 22 1540 1630 S 10 W 20 N    60      
1976 04 22 2154 2200 S 09 E 58 F            
1976 04 22 2306 2313 S 09 E 57 F            
1976 04 25 0207 0233 S 11 E 29 F    35      
1976 04 25 0208 0233 S 10 E 30 F    21      
1976 04 25 2158 2219 N 03 E 63 N    57      
1976 04 27 1029 1041 S 13 E 01 F    10      
1976 04 28 1410 1440 N 01 E 29 F    25      
1976 04 28 1415 1431 N 03 E 29 F    27      
1976 04 28 1954 2023 S 09 W 20 F    50      
1976 04 28 1958 2000 S 10 W 20 F    40      
1976 04 29 0103 0135 N 03 E 22 N            
1976 04 29 0105 0135 N 02 E 22 F    30      
1976 04 29 0740 0850 S 09 W 28 F    80      
1976 04 29 0835 0843 N 02 E 17 F    45      
1976 04 29 0839 0843 N 02 E 17 F    32      
1976 04 29 1124 1157 S 08 W 29 N   180      
1976 04 29 1318 1342 N 04 E 16 N    50      
1976 04 29 1325 1338 N 04 E 16 F    36      
1976 04 29 1904 1940 S 08 W 31 N    80      
1976 04 29 1919 1940 S 08 W 31 N    99      
1976 04 29 2106 2126 S 08 W 32 B    80      
1976 04 29 2107 2125 S 08 W 31 B    90      
1976 04 29 2241 2320 S 08 W 33 F    30      
1976 04 29 2303 2318 S 08 W 34 N   296      
1976 04 30 0530 0544 S 08 W 39 F    87      
1976 04 30 0557 0628 S 08 W 37 F    40      
1976 04 30 0822 0900 S 06 W 39 N    70      
1976 04 30 0825 0900 S 07 W 40 F    65      
1976 04 30 0844 0900 S 06 W 40 B   180      
1976 04 30 0850 0915 S 06 W 40 N    56      
1976 04 30 1008 1020 S 08 W 39 F    40      
1976 04 30 1114 1124 S 08 W 39 N    80      
1976 04 30 1242 1302 S 06 W 41 N   117      
1976 04 30 1243 1310 S 07 W 41 B   160      
1976 04 30 1244 1312 S 06 W 40 N   260      
1976 04 30 1450 1507 S 08 W 41 N    60      
1976 04 30 1451 1510 S 09 W 40 N    70      
1976 04 30 1608 1619 S 08 W 44 F    64      
1976 04 30 1839 1845 S 08 W 46 F    97      
1976 04 30 2047 2153 S 08 W 45 B   477      
1976 04 30 2048 2108 S 09 W 47 B   684      
1976 04 30 2049 2120 S 08 W 45 B   156      
1976 04 30 2205 2235 S 09 W 49 N   110      
1976 05 01 2042 2057 S 09 W 60 F    54      
1976 05 01 2140 2241 S 08 W 59 F    40      
1976 05 01 2155 2210 S 08 W 61 N    90      
1976 05 04 0935 1039 N 08 E 18 F    20      
1976 05 04 1000 1004 N 09 E 18 F    20      
1976 05 04 1119 1140 N 08 E 18 F            
1976 05 04 1309 1400 N 08 E 17 F            
1976 05 05 1034 1038 N 01 E 87 F            
1976 05 05 1053 1215 N 03 W 65 F    25      
1976 05 05 1057 1215 N 03 W 62 F    20      
1976 05 05 1150 1215 N 03 W 66 F    20      
1976 05 07 0532 0542 N 12 W 22 F    87      
1976 05 13 0930 0951 N 01 E 53 F    20      
1976 05 13 1401 1408 S 10 E 73 F    19      
1976 05 13 1402 1410 S 11 E 78 F    20      
1976 05 15 0314 0322 S 03 W 45 F    30      
1976 05 15 0500 0528 S 04 W 46 F   131      
1976 05 15 0715 0735 S 03 W 48 F    20      
1976 05 15 0820 0832 S 03 W 48 F    20      
1976 05 15 1002 1222 S 12 E 54 N   150      
1976 05 15 1003 1005 S 12 E 58 F    30      
1976 05 15 1037 1108 S 15 E 60 F    72      
1976 05 15 1235 1257 S 03 W 50 F    20      
1976 05 15 1348 1352 S 12 E 53 F    60      
1976 05 16 0602 0614 S 03 W 62 N    50      
1976 05 16 1444 1520 S 03 W 65 F    48      
1976 05 17 0225 0245 S 05 W 71 F            
1976 05 18 0931 0937 S 11 E 19 F            
1976 05 18 1236 1245 S 06 E 70 F            
1976 05 18 1351 1405 S 06 E 66 N   110      
1976 05 18 1351 1407 S 04 E 70 F    75      
1976 05 18 1355 1405 S 07 E 66 B   140      
1976 05 18 1357 1403 S 07 E 66 N    90      
1976 05 18 1620 1702 S 08 E 65 F    10      
1976 05 18 1623 1638 S 08 E 68 F    48      
1976 05 18 2041 2048 S 06 E 64 N            
1976 05 18 2150 2156 S 04 E 64 B            
1976 05 19 1337 1352 N 08 W 31 F    50      
1976 05 19 1340 1355 N 08 W 31 N    56      
1976 05 21 1215 1404 S 13 W 26 N   110      
1976 05 21 1220 1510 S 14 W 25 F   100      
1976 05 21 1225 1340 S 12 W 29 B    80      
1976 05 21 1253 1330 S 12 W 28 F   159      
1976 05 21 1252 1315 S 20 E 12 F    20      
1976 05 21 1255 1315 S 21 E 11 F    47      
1976 05 21 2134 2138 S 10 E 40 F    40      
1976 05 22 0455 0504 S 07 E 30 F    79      
1976 05 22 0906 0913 S 11 E 22 F    40      
1976 05 22 1444 1500 S 08 E 13 F            
1976 05 22 1455 1455 S 09 E 14 N    56      
1976 05 22 1718 1725 S 08 E 12 F    10      
1976 05 23 1137 1208 S 08 E 05 F   114      
1976 05 23 1142 1204 S 09 E 06 F    96      
1976 05 26 0457 0532 S 06 W 24 F            
1976 05 26 0906 0950 S 11 W 90 N            
1976 05 28 1401 1407 N 06 E 77 F            
1976 06 08 1228 1244 S 25 W 30 N            
1976 06 08 1304 1312 S 24 W 29 F            
1976 06 08 1510 1516 S 13 E 24 F            
1976 06 08 1640 1714 S 24 W 34 F    25      
1976 06 08 1647 1713 S 24 W 35 F    20      
1976 06 09 0846 0851 S 25 W 40 F    40      
1976 06 09 0908 0920 S 22 W 44 N    10      
1976 06 09 0910 0915 S 23 W 43 F    41      
1976 06 09 0911 0921 S 25 W 40 F    40      
1976 06 10 0449 0525 S 23 W 53 F    20      
1976 06 10 0639 0650 S 23 W 54 F    10      
1976 06 10 1044 1055 S 25 W 55 F    30      
1976 06 10 1045 1055 S 24 W 56 N    20      
1976 06 11 1542 1624 S 45 E 40 F    10      
1976 06 12 0740 0815 S 46 E 30 F    56      
1976 06 12 0745 0803 S 46 E 31 F    60      
1976 06 12 1230 1240 S 45 E 28 F            
1976 06 14 0720 0742 N 02 E 79 F            
1976 06 14 0723 0739 N 03 E 78 F    20      
1976 06 15 0735 0755 N 02 E 67 N            
1976 06 15 1205 1211 N 02 E 61 F    40      
1976 06 15 1314 1407 N 01 E 64 N    30      
1976 06 15 1317 1416 N 01 E 62 N    20      
1976 06 15 1330 1400 N 01 E 65 N    28      
1976 06 15 1603 1608 N 02 E 59 F    30      
1976 06 15 1630 1636 N 03 E 58 F    45      
1976 06 16 1023 1041 N 03 E 50 F    10      
1976 06 16 1154 1240 N 02 E 50 B    20      
1976 06 16 1204 1238 N 01 E 51 N    80      
1976 06 16 1636 1701 N 02 E 48 F            
1976 06 16 1708 1714 S 42 W 24 F            
1976 06 16 1744 1751 N 02 E 46 N            
1976 06 16 1937 2020 S 46 W 25 N            
1976 06 16 2308 2337 N 02 E 42 F    70      
1976 06 16 2314 2320 N 03 E 43 F    95      
1976 06 17 0308 0316 N 03 E 40 F    50      
1976 06 17 0423 0433 N 01 E 40 N    49      
1976 06 17 0441 0455 N 01 E 41 F    25      
1976 06 17 0447 0456 N 04 E 42 N            
1976 06 17 0537 0550 N 03 E 40 F    20      
1976 06 17 0605 0634 N 01 E 40 F    30      
1976 06 17 0616 0630 N 01 E 41 N   114      
1976 06 17 0710 0721 N 01 E 41 N    49      
1976 06 17 0715 0735 N 01 E 40 B    84      
1976 06 17 0801 0822 N 02 E 39 F    30      
1976 06 17 0805 0819 N 02 E 40 N    80      
1976 06 17 1523 1534 N 02 E 32 B    50      
1976 06 17 1524 1524 N 03 E 33 B    35      
1976 06 17 1641 1655 N 03 E 32 F            
1976 06 17 2155 2249 N 03 E 31 F            
1976 06 18 0945 1030 N 03 E 25 F            
1976 06 18 1106 1227 N 03 E 24 F            
1976 06 18 1115 1135 N 02 E 24 F    61      
1976 06 19 0910 0917 N 02 E 09 F            
1976 06 19 1534 1541 N 02 E 07 F            
1976 06 20 0910 1010 N 03 W 22 F            
1976 06 21 1402 1412 N 03 W 19 F            
1976 06 22 0308 0359 S 26 E 70 F            
1976 06 22 0814 0825 S 26 E 70 N    25      
1976 06 22 0815 0825 S 27 E 70 N    30      
1976 06 22 1328 1408 N 02 W 52 N            
1976 06 22 1404 1425 S 26 E 68 N    40      
1976 06 22 1405 1408 S 25 E 68 N    30      
1976 06 23 0536 0544 S 28 E 58 F            
1976 06 25 0800 0808 S 01 W 45 F            
1976 06 26 1632 1644 N 06 W 80 F            
1976 07 13 1239 1317 N 26 W 80 F            
1976 07 13 1326 1339 N 26 W 80 F            
1976 07 14 1520 1540 N 14 W 65 F            
1976 07 15 0722 0734 N 07 W 90 F            
1976 07 16 0534 0648 N 38 W 36 F            
1976 07 24 1257 1303 S 30 E 23 F            
1976 08 01 0625 0635 N 18 E 90 N            
1976 08 01 0625 0635 N 19 E 90 N            
1976 08 01 1110 1134 N 19 E 84 N            
1976 08 01 1130 1134 N 18 E 78 F    40      
1976 08 01 1410 1413 N 17 E 77 F    30      
1976 08 02 2232 2257 N 15 E 60 F    20      
1976 08 04 0931 0955 N 17 E 40 N    10      
1976 08 04 0933 1004 N 16 E 41 N    60      
1976 08 04 0948 1000 N 16 E 40 N    50      
1976 08 05 0858 0923 S 12 W 30 F            
1976 08 05 1415 1520 N 13 E 28 N    60      
1976 08 05 1416 1510 N 12 E 28 N    70      
1976 08 05 1428 1431 N 13 E 28 N    33      
1976 08 05 1658 1720 N 17 E 22 F    10      
1976 08 06 0427 0525 N 16 E 17 F    93      
1976 08 06 0433 0504 N 17 E 18 N    32      
1976 08 06 0437 0505 N 15 E 16 F    66      
1976 08 06 1009 1029 N 15 E 12 F    30      
1976 08 06 1010 1023 N 16 E 12 F    30      
1976 08 06 1105 1204 N 16 E 11 N    60      
1976 08 06 1135 1205 N 17 E 10 N    60      
1976 08 06 1135 1155 N 16 E 11 F    50      
1976 08 07 0155 0209 N 12 E 08 N    80      
1976 08 07 0200 0203 N 13 E 08 N    60      
1976 08 07 1130 1150 N 17 W 03 N    45      
1976 08 07 1536 1550 N 14 W 03 N    10      
1976 08 07 1540 1550 N 15 W 02 N    56      
1976 08 07 2138 2152 N 13 W 06 F    30      
1976 08 08 0840 0900 N 15 W 13 N    67      
1976 08 09 2025 2030 N 18 W 31 N    50      
1976 08 10 1025 1035 N 18 W 39 N    33      
1976 08 10 1121 1125 N 18 W 39 F            
1976 08 13 0032 0110 N 24 W 18 N            
1976 08 13 0033 0048 N 26 W 16 N    90      
1976 08 13 0435 0440 N 25 W 19 F            
1976 08 15 1402 1417 S 03 E 06 B            
1976 08 15 1604 1624 S 03 E 05 N            
1976 08 16 2248 2258 S 04 W 15 F            
1976 08 17 1025 1040 S 03 W 20 F            
1976 08 18 1403 1429 S 07 W 82 N            
1976 08 18 1426 1455 S 03 W 36 N            
1976 08 18 1844 1857 S 12 E 81 B            
1976 08 18 1845 1856 S 12 E 79 N    83      
1976 08 19 0026 0034 S 11 E 75 F    31      
1976 08 19 0855 0903 S 05 W 44 F    20      
1976 08 19 0916 0925 S 05 W 45 F    30      
1976 08 19 0920 0925 S 06 W 44 N    28      
1976 08 19 1157 1217 S 15 E 70 F    60      
1976 08 19 1158 1220 S 13 E 70 F    40      
1976 08 19 1831 1842 S 14 E 67 F    30      
1976 08 20 1054 1114 S 02 W 62 F    70      
1976 08 21 0803 0813 S 03 W 74 F    40      
1976 08 21 1407 1430 S 03 W 78 F            
1976 08 22 0127 0138 S 04 W 90 N            
1976 08 22 0206 0219 S 04 W 90 F            
1976 08 22 0357 0405 S 02 W 90 F            
1976 08 22 0511 0521 S 04 W 85 F            
1976 08 22 0730 0745 S 11 E 43 F            
1976 08 22 0820 0900 S 11 E 43 F            
1976 08 22 1021 1140 S 06 W 90 N            
1976 08 22 1021 1140 S 06 W 90 N            
1976 08 22 1217 1222 S 02 W 90 5            
1976 08 22 1412 1420 S 11 E 39 F    60      
1976 08 25 1415 1420 S 10 W 03 F    40      
1976 08 31 1958 2038 N 19 W 54 N    50      
1976 09 01 0650 0735 N 19 W 57 B    75      
1976 09 01 0836 0852 N 20 W 60 F            
1976 09 01 0905 0915 N 21 W 60 F            
1976 09 01 1119 1129 N 20 W 61 F            
1976 09 01 1316 1413 N 20 W 62 F            
1976 09 01 1429 1440 N 19 W 63 F            
1976 09 01 1617 1633 N 19 W 63 F            
1976 09 01 2240 2258 N 19 W 69 N            
1976 09 02 0556 0622 N 19 W 70 N            
1976 09 02 0556 0601 N 20 W 70 F    20      
1976 09 02 0809 1013 N 19 W 73 F            
1976 09 03 0615 0636 N 18 W 84 N            
1976 09 03 0825 0840 N 14 E 05 N    50      
1976 09 03 0828 0839 N 14 E 06 N    40      
1976 09 03 0905 0930 N 14 E 05 B            
1976 09 03 0907 0929 N 14 E 05 B    60      
1976 09 03 0917 0925 N 20 W 90 F    10      
1976 09 03 1030 1036 N 20 W 90 F            
1976 09 03 1122 1136 N 18 W 89 N            
1976 09 03 1122 1136 N 16 W 88 N            
1976 09 03 1125 1227 N 25 E 09 F    30      
1976 09 03 1219 1245 N 21 W 88 F    10      
1976 09 03 1353 1400 N 13 E 06 N    30      
1976 09 03 1355 1403 N 15 E 03 N    32      
1976 09 03 1438 1453 N 13 E 03 F    30      
1976 09 04 0715 0750 N 17 W 08 F    53      
1976 09 04 0730 0744 N 22 W 90 F    30      
1976 09 04 0732 0740 N 22 W 90 F    20      
1976 09 04 0807 0830 N 15 W 08 N    70      
1976 09 04 0840 0905 N 17 W 08 F            
1976 09 04 1025 1113 N 15 W 08 N            
1976 09 04 1026 1100 N 15 W 09 N    80      
1976 09 04 1040 1113 N 18 W 10 F    20      
1976 09 04 1619 1636 N 16 W 12 F    20      
1976 09 06 0131 0210 N 19 W 28 N   150      
1976 09 06 0133 0210 N 18 W 29 N   120      
1976 09 06 0144 0155 N 18 W 28 F    80      
1976 09 06 1651 1657 N 18 W 38 F            
1976 09 06 1810 1825 N 12 E 68 N            
1976 09 07 0808 0820 N 20 W 43 F    30      
1976 09 07 0809 0822 N 19 W 42 F    40      
1976 09 07 0810 0820 N 18 W 43 N    40      
1976 09 07 1553 1558 N 19 W 42 F            
1976 09 08 0510 0526 N 17 W 60 F            
1976 09 08 1011 1047 S 22 E 43 F            
1976 09 08 1208 1233 S 22 E 42 N            
1976 09 09 0759 0805 S 21 E 34 F            
1976 09 10 0930 0945 S 21 E 15 N            
1976 09 10 1059 1309 S 22 E 14 F            
1976 09 10 1117 1132 S 21 E 15 F    20      
1976 09 10 1545 1552 S 21 E 13 F            
1976 09 10 1559 1606 S 22 E 13 F            
1976 09 10 2327 2346 S 23 W 02 N            
1976 09 11 0210 0315 S 23 W 02 N            
1976 09 14 1832 1855 S 22 W 46 F            
1976 09 17 1229 1237 S 14 E 47 F            
1976 09 17 1805 1905 N 20 E 82 N            
1976 09 17 1806 1831 N 20 E 80 N            
1976 09 18 1312 1320 S 12 E 31 F            
1976 09 18 1456 1530 S 12 E 30 N   150      
1976 09 18 1457 1525 S 12 E 29 B   190      
1976 09 18 1500 1530 S 13 E 32 N   100      
1976 09 19 0952 1003 N 22 E 60 F    40      
1976 09 20 0255 0310 N 22 E 51 F    20      
1976 09 20 0823 0834 S 12 E 08 F    40      
1976 09 20 0928 1030 S 12 E 08 N   110      
1976 09 20 1045 1100 S 14 E 06 F   112      
1976 09 21 1223 1258 S 13 W 06 B   190      
1976 09 21 1224 1240 S 11 W 14 F   222      
1976 09 21 1228 1232 S 15 W 07 F   222      
1976 09 21 1303 1343 S 11 W 07 N   250      
1976 09 24 0756 0825 N 23 W 06 N            
1976 09 24 0804 0833 N 23 W 07 N   180      
1976 09 27 0006 0024 N 13 E 57 F            
1976 09 28 0334 0342 S 27 E 49 F            
1976 09 30 0942 1001 N 17 E 17 N            
1976 10 05 1709 1733 N 29 W 59 F    30      
1976 10 05 1725 1732 N 30 W 60 N    30      
1976 10 06 0846 0913 S 24 E 52 F            
1976 10 06 1104 1112 S 23 E 51 F            
1976 10 13 1611 1616 S 08 E 65 F    25      
1976 10 14 0910 0920 S 10 E 53 N    56      
1976 10 14 1424 1431 S 07 E 50 N    25      
1976 10 15 1846 1914 S 09 E 33 N   120      
1976 10 16 1128 1145 S 29 E 06 F   150      
1976 10 19 1701 1736 S 28 W 42 N   120      
1976 10 19 1741 1752 S 29 W 42 B    80      
1976 10 22 0903 0911 S 17 W 90 F    20      
1976 10 22 0942 0949 N 20 E 80 F    20      
1976 10 22 1902 2003 N 29 E 12 F            
1976 10 23 0043 0055 S 24 W 90 F            
1976 10 23 0939 1021 N 28 E 04 N            
1976 10 23 1009 1021 N 29 E 04 N            
1976 10 27 0947 0954 N 35 W 45 F    30      
1976 10 27 1058 1122 N 27 W 49 N    44      
1976 10 28 0918 0924 N 30 W 69 F    33      
1976 10 28 0943 0956 N 30 W 69 N    33      
1976 10 28 0945 1000 N 29 W 67 F    82      
1976 10 28 1130 1145 N 29 W 61 F   102      
1976 10 29 1740 1750 N 32 W 80 N            
1976 10 29 1826 1832 N 29 W 78 N            
1976 10 29 1908 1929 N 28 W 85 F            
1976 10 29 1915 1940 N 28 W 83 F            
1976 11 17 0226 0242 N 10 E 90 F    40      
1976 11 17 1038 1048 N 14 E 80 F    40      
1976 11 17 1115 1124 N 22 W 72 F    20      
1976 11 17 1845 1906 N 13 E 79 F            
1976 11 18 0713 0800 N 23 W 85 F    40      
1976 11 18 1515 1541 N 23 W 90 N    20      
1976 11 18 1730 1742 N 13 E 55 F    79      
1976 11 19 0952 1040 N 13 E 50 F    40      
1976 11 19 1500 1534 N 13 E 49 N   141      
1976 11 19 1510 1527 N 13 E 50 N    80      
1976 11 19 1603 1617 N 11 E 47 N    70      
1976 11 19 1603 1617 N 10 E 46 N    50      
1976 11 20 1230 1248 N 12 E 36 N    95      
1976 11 20 1250 1258 N 13 E 41 F    50      
1976 11 20 1250 1258 N 14 E 41 F    47      
1976 11 22 0232 0249 N 11 E 21 F    40      
1976 12 08 0713 0722 N 07 E 44 F    20      
1976 12 08 1902 1922 N 06 E 37 N   114      
1976 12 08 1939 1950 N 24 E 04 F   100      
1976 12 08 1939 1950 N 24 E 02 F    96      
1976 12 08 2321 2331 N 05 E 33 F    26      
1976 12 09 0201 0217 N 03 E 33 N    90      
1976 12 09 0202 0215 N 03 E 33 N    90      
1976 12 09 0751 0831 N 02 E 29 N    82      
1976 12 09 0800 0835 N 05 E 29 N    28      
1976 12 09 0844 0857 N 02 E 29 F            
1976 12 09 1015 1045 N 04 E 28 F            
1976 12 09 1023 1030 N 05 E 28 F    10      
1976 12 09 1128 1134 N 05 E 27 F            
1976 12 09 1139 1146 N 05 E 26 F            
1976 12 09 1233 1249 N 05 E 25 F            
1976 12 09 1346 1357 N 04 E 25 N            
1976 12 09 1651 1706 N 05 E 22 F            
1976 12 10 0102 0113 N 02 E 20 N            
1976 12 10 0305 0325 N 02 E 19 F            
1976 12 10 0835 0842 N 04 E 15 N    40      
1976 12 10 0839 0844 N 05 E 15 N    53      
1976 12 10 0954 0957 N 03 E 13 N    33      
1976 12 13 1328 1342 N 05 W 27 F    20      
1976 12 13 1356 1414 N 04 W 29 F    20      
1976 12 13 2317 2335 S 28 E 03 F    20      
1976 12 14 0710 0755 S 29 W 02 N    56      
1976 12 14 1023 1033 N 03 W 40 B    80      
1976 12 14 1507 1514 N 02 W 43 N    50      
1976 12 14 1734 1738 N 02 W 44 N    50      
1976 12 14 1917 1938 N 04 W 46 N   121      
1976 12 14 2232 2320 N 02 W 45 F            
1976 12 14 2243 2300 N 15 E 77 F            
1976 12 15 0146 0156 N 06 W 47 N            
1976 12 15 0302 0318 N 04 W 48 N            
1976 12 15 0302 0324 N 06 W 47 F   287      
1976 12 15 1315 1330 S 26 W 17 F            
1976 12 15 1345 1408 N 03 W 54 F            
1976 12 15 1347 1405 N 03 W 54 N    40      
1976 12 15 1456 1520 N 04 W 55 N    40      
1976 12 15 1458 1515 N 03 W 55 B   121      
1976 12 16 1251 1306 S 26 W 36 F            
1976 12 16 2309 2330 S 34 E 51 F            
1976 12 25 1258 1306 S 20 E 65 F            
1976 12 25 1438 1510 S 20 E 72 F            
1976 12 27 1136 1153 S 23 E 40 F            
1976 12 27 1303 1316 S 23 E 39 F            
1976 12 27 2012 2020 S 20 E 35 N            
1976 12 28 1801 1820 S 21 E 27 F            
1976 12 28 1930 2005 S 19 E 25 F            
1976 12 29 0214 0230 S 13 E 30 N            
1976 12 29 0813 0823 S 22 E 25 N            
1976 12 29 0823 0838 S 25 E 18 N            
1976 12 29 0850 0915 S 22 E 21 F            
1976 12 29 0851 0924 S 20 E 24 N   107      
1976 12 29 1138 1158 S 22 E 17 F    53      
1976 12 29 1333 1343 S 22 E 09 F            
1976 12 29 1350 1411 S 23 E 21 F            
1976 12 29 1444 1450 S 20 E 08 F            
1976 12 29 1512 1530 S 23 E 20 F            
1976 12 30 0501 0545 S 22 E 13 F   240      
1976 12 30 0506 0545 S 22 E 13 F   280      
1976 12 30 0605 0650 S 24 E 13 N            
1976 12 31 0858 0916 S 20 W 15 N            
1976 12 31 1812 1830 S 23 W 20 B            
1976 12 31 2223 2310 S 23 W 13 F            
