1985 01 01 0707 0732 S 11 W 44 F    43      
1985 01 03 2125 2715 N 20 E 08 B    80      
1985 01 10 2205 2221 N 08 E 57 F    30      
1985 01 13 2227 2241 S 08 E 09 F    40      
1985 01 14 0035 0046 S 08 E 07 F    45      
1985 01 14 0417 0421 S 09 E 03 F    39      
1985 01 14 0439 0445 S 08 E 05 F    30      
1985 01 14 0622 0630 S 09 E 03 F    23      
1985 01 14 0919 0942 S 09 E 01 F    79      
1985 01 14 2114 2136 S 09 W 05 F    40      
1985 01 14 2200 2222 S 08 W 05 N    70      
1985 01 15 0128 0133 S 09 W 09 F    22      
1985 01 15 1912 2046 S 08 W 18 N   159 C  31
1985 01 15 2057 2127 S 09 W 19 F    90      
1985 01 16 0053 0134 S 09 W 26 F   170      
1985 01 16 0144 0246 S 12 W 27 F    70      
1985 01 16 0657 0710 S 08 W 24 F    54      
1985 01 16 1350 1424 S 08 W 29 B   208      
1985 01 16 1917 1925 S 10 W 32 N    36      
1985 01 16 1917 1925 S 09 W 31 F    34      
1985 01 16 2226 2238 S 12 W 33 N    30      
1985 01 17 0141 0148 S 10 W 35 N    90      
1985 01 17 0316 0351 S 10 W 37 F   114      
1985 01 17 0324 0337 S 10 W 38 N   113      
1985 01 17 0555 0607 S 08 W 39 F    28      
1985 01 17 0624 0631 S 12 W 38 F    87      
1985 01 17 0751 0804 S 12 W 39 F    32      
1985 01 17 0901 0906 S 11 W 39 F    27      
1985 01 17 1001 1007 S 11 W 40 F    83      
1985 01 17 1120 1240 N 20 W 90 B    49      
1985 01 17 1402 1425 S 11 W 31 N    37      
1985 01 17 1502 1540 N 20 W 90 B    61      
1985 01 18 0005 0019 S 11 W 22 F   224      
1985 01 18 0119 0330 S 10 W 26 N   155      
1985 01 18 0229 0239 S 11 W 24 N   134      
1985 01 19 0702 0715 S 06 W 65 F    20      
1985 01 19 1325 1344 S 09 W 07 F    70      
1985 01 19 1401 1502 S 09 W 07 N    80      
1985 01 19 1509 1527 S 09 W 07 F    60      
1985 01 19 1631 1656 S 10 W 10 F    26      
1985 01 19 2138 2359 S 10 W 12 F   142      
1985 01 19 2138 2705 S 10 W 11 N   360      
1985 01 19 2144 2445 N 07 E 45 F   100      
1985 01 20 0011 0030 S 10 W 11 N    92 C  23
1985 01 20 0016 0030 S 09 W 11 N    46 C  23
1985 01 20 0115 0116 S 10 W 14 F    39      
1985 01 20 0241 0258 S 10 W 13 B   126 C  13
1985 01 20 0227 0302 S 09 W 13 F    36      
1985 01 20 0359 0410 N 04 E 40 N    79      
1985 01 20 0359 0410 S 08 W 13 N    79      
1985 01 20 0820 0835 S 09 W 15 N    56      
1985 01 20 1100 1110 S 12 W 19 N    84      
1985 01 20 1210 1225 S 11 W 19 N    84      
1985 01 20 1330 1350 S 10 W 23 F            
1985 01 20 1926 1948 S 08 W 25 F    46      
1985 01 20 2039 2145 S 09 W 24 B   274 M  41
1985 01 20 2044 2130 S 08 W 24 B   388      
1985 01 20 2039 2155 S 09 W 24 B   184      
1985 01 20 2304 2321 S 11 W 25 N    58      
1985 01 20 2304 2317 S 11 W 24 N    90      
1985 01 20 2345 2423 S 10 W 24 N    98 C  20
1985 01 20 2353 2407 S 09 W 23 F    22      
1985 01 21 0009 0026 S 09 W 23 N    79 C  20
1985 01 21 0007 0023 S 11 W 24 B            
1985 01 21 0040 0046 S 09 W 25 F    27      
1985 01 21 0103 0143 S 11 W 27 N   119      
1985 01 21 0107 0120 N 08 E 23 F    20      
1985 01 21 0152 0235 S 09 W 30 B   180 C  20
1985 01 21 0152 0243 S 10 W 30 B   220      
1985 01 21 0204 0234 S 09 W 29 N   186 C  20
1985 01 21 0303 0314 S 09 W 30 N   123      
1985 01 21 0343 0403 S 08 W 30 N            
1985 01 21 0336 0433 S 09 W 29 B   300      
1985 01 21 0244 0307 S 11 W 26 N    92      
1985 01 21 0239 0453 S 10 W 30 B   324 M  22
1985 01 21 0239 0310 S 11 W 25 F   120      
1985 01 21 0434 0445 S 09 W 29 F   100      
1985 01 21 0504 0617 S 11 W 30 B   360      
1985 01 21 0510 0525 S 11 W 29 N   231 M  11
1985 01 21 0455 0659 S 11 W 29 B   235 M  11
1985 01 21 0517 0525 S 11 W 30 N   189      
1985 01 21 0735 0744 S 10 W 34 N    40      
1985 01 21 0706 0717 S 09 W 27 N            
1985 01 21 0707 0722 S 09 W 28 N    53 C  19
1985 01 21 0710 0710 N 07 E 23 F    56      
1985 01 21 0806 0818 S 10 W 35 N    46      
1985 01 21 0824 0836 S 11 W 35 F    63      
1985 01 21 0955 1029 S 10 W 32 N    92 C  46
1985 01 21 0955 1023 S 10 W 32 N   115 C  46
1985 01 21 0959 1038 S 08 W 33 N    69 C  46
1985 01 21 1042 1059 S 05 W 31 N    75 C  88
1985 01 21 1046 1054 S 11 W 30 B    32 C  88
1985 01 21 1048 1054 S 09 W 31 B            
1985 01 21 1302 1358 S 08 W 33 N    73 C  18
1985 01 21 1631 1819 S 09 W 35 B   169 M  33
1985 01 21 1802 1808 S 08 W 34 F    45      
1985 01 21 1426 1541 S 11 W 36 N   131 M  24
1985 01 21 1631 1819 S 09 W 35 N   154      
1985 01 21 1855 1920 S 09 W 39 N    32      
1985 01 21 1855 1927 S 09 W 38 N    35      
1985 01 21 2042 2055 S 12 W 40 F    80      
1985 01 21 2037 2054 S 08 W 36 F    51      
1985 01 21 2127 2200 S 08 W 38 B   201 M  12
1985 01 21 2127 2200 S 08 W 38 B   185 M  12
1985 01 21 2206 2327 S 07 W 34 N    68 C  30
1985 01 21 2209 2327 S 06 W 34 N    45 C  30
1985 01 21 2308 2549 S 10 W 40 N   372 X  47
1985 01 21 2324 2355 S 09 W 42 N    74      
1985 01 21 2346 2637 S 11 W 39 B   678 X  47
1985 01 21 2352 2725 S 11 W 40 B   640      
1985 01 22 0033 0240 S 11 W 42 F   362      
1985 01 22 0058 0058 S 10 W 39 F    75      
1985 01 22 0354 0408 S 09 W 42 N   104      
1985 01 22 0356 0408 S 09 W 41 N    41      
1985 01 22 0427 0434 S 12 W 43 F    21      
1985 01 22 0505 0538 S 10 W 44 N    40      
1985 01 22 0506 0535 S 09 W 44 F    30      
1985 01 22 0728 0745 S 09 W 42 N    72      
1985 01 22 0933 0943 S 09 W 42 F            
1985 01 22 1105 1130 S 12 W 47 N   253      
1985 01 22 1100 1128 S 10 W 45 B   223 C  31
1985 01 22 2054 2152 S 11 W 53 B   186      
1985 01 23 0019 0042 S 12 W 54 N    50      
1985 01 23 0340 0453 S 13 W 56 N   113 C  11
1985 01 23 0653 0701 S 13 W 57 F    33      
1985 01 23 0709 0716 S 12 W 58 F    42      
1985 01 23 0725 0820 S 11 W 58 N   226 M  13
1985 01 23 0725 0818 S 10 W 56 N   255      
1985 01 23 0725 0827 S 12 W 59 N   292      
1985 01 23 0727 0816 S 10 W 61 B   246 M  13
1985 01 23 0846 0859 S 12 W 59 F    33      
1985 01 23 0907 0923 S 10 W 57 F    40      
1985 01 23 1050 1110 S 15 W 50 N   154      
1985 01 23 1050 1110 S 15 W 46 N   112      
1985 01 23 1140 1236 S 10 W 59 B    65      
1985 01 23 1140 1236 S 10 W 59 B   115 C  58
1985 01 23 1238 1256 S 11 W 58 B    38 C  25
1985 01 23 1730 1753 S 11 W 63 N    43      
1985 01 23 2113 2128 S 13 W 68 F    40      
1985 01 24 0044 0112 S 11 W 64 B   173 C  40
1985 01 24 0044 0113 S 11 W 67 B    62 C  40
1985 01 24 0444 0450 S 12 W 70 F    20      
1985 01 24 0444 0446 S 11 W 70 F    18      
1985 01 24 0533 0535 S 11 W 69 F    26      
1985 01 24 0547 0615 S 13 W 70 F   100      
1985 01 24 0643 0701 S 15 W 70 F    20      
1985 01 24 1007 1020 S 11 W 71 F    30      
1985 01 24 1104 1112 S 11 W 71 N    30      
1985 01 24 1127 1153 S 10 W 72 B    50      
1985 01 24 1135 1158 S 10 W 71 N    71      
1985 01 25 1121 1134 S 06 W 07 F    40      
1985 01 26 2112 2138 N 04 W 53 N    40      
1985 01 26 2257 2329 N 04 W 54 F    30      
1985 01 27 0212 0230 N 04 W 57 F    20      
1985 01 31 0800 0805 N 18 E 07 F    56      
1985 01 31 1312 1319 N 16 E 06 F    10      
1985 02 01 1530 1544 N 16 W 10 F    20      
1985 02 02 1217 1337 N 15 W 23 F    15      
1985 02 02 1319 1326 N 15 W 21 F    10      
1985 02 03 0420 0443 S 17 W 30 N    33 C  17
1985 02 03 0445 0500 S 16 W 30 F    36      
1985 02 03 0746 0754 N 15 W 33 F    19      
1985 02 03 1218 1226 N 15 W 38 F    20      
1985 02 03 1218 1224 N 14 W 38 F            
1985 02 03 1519 1525 S 13 W 32 F    10      
1985 02 03 1542 1601 N 15 W 38 F    63      
1985 02 04 1833 1900 N 15 W 54 F    25      
1985 02 05 0329 0341 S 07 E 69 N    30      
1985 02 05 0329 0332 S 07 E 69 N    47      
1985 02 05 1501 1520 S 08 E 61 F    22      
1985 02 05 1459 1514 S 09 E 61 N            
1985 02 05 1535 1548 S 07 E 61 F    18      
1985 02 07 1913 1917 S 07 E 31 B   269 C  11
1985 02 07 1916 1950 S 09 E 33 B   196 C  11
1985 02 08 0245 0249 N 00 E 77 N    16      
1985 02 09 1542 1553 N 11 W 14 F    31      
1985 02 10 1641 1653 S 12 E 63 F    34      
1985 02 11 1829 1845 S 12 E 41 N    32      
1985 02 16 1235 1235 N 40 E 58 F    84      
1985 02 19 1443 1502 N 02 E 86 N    30      
1985 02 19 1605 1612 N 02 E 85 B    50      
1985 02 19 1709 1734 N 02 E 83 F    23      
1985 02 19 1811 1831 N 01 E 85 F    53 C  20
1985 02 19 1812 1827 N 01 E 85 F    45 C  20
1985 02 19 1920 1928 N 01 E 80 F    14      
1985 02 19 2012 2021 N 00 E 83 N    34      
1985 02 19 2012 2021 S 01 E 83 F    24      
1985 02 19 2051 2125 N 01 E 80 F    73      
1985 02 20 0243 0251 N 03 E 77 F    10      
1985 02 20 1454 1512 N 00 E 70 N    35      
1985 02 20 1457 1510 S 01 E 69 N            
1985 02 20 1454 1512 N 02 E 71 B    40      
1985 02 21 0322 0346 N 03 E 64 N    63      
1985 02 22 1241 1302 N 03 E 45 F   150      
1985 03 01 2237 2254 N 18 E 50 N    20      
1985 03 11 0553 0556 S 10 W 89 F    87      
1985 03 11 0621 0655 N 09 W 23 N   218      
1985 03 11 0815 0831 N 09 W 36 F    31      
1985 03 12 0238 0248 N 10 W 46 N    46      
1985 03 12 0318 0345 N 08 W 45 B   108      
1985 03 12 0524 0600 N 07 W 48 B    77      
1985 03 12 0810 0820 N 09 W 50 N   175      
1985 03 15 1011 1150 S 10 E 90 F            
1985 03 15 1257 1325 S 10 E 90 F            
1985 03 15 1331 1350 S 10 E 89 F            
1985 03 15 1430 1437 S 10 E 89 F            
1985 03 17 1120 1124 S 12 E 38 F    20      
1985 03 18 0537 0551 S 12 E 28 N    59      
1985 03 18 0610 0620 S 11 E 28 N    87      
1985 03 18 1155 1225 S 11 E 50 F    48      
1985 03 19 0723 0731 S 12 E 05 F    30      
1985 03 19 0748 0757 S 12 E 05 F    30      
1985 03 19 1344 1353 S 10 E 34 F    20      
1985 03 20 1502 1525 N 04 E 90 N    39      
1985 03 20 1901 1908 S 16 E 75 F    16      
1985 03 21 1346 1403 S 14 E 60 N    35      
1985 03 21 1509 1520 N 05 E 85 B       C  75
1985 03 21 2230 2248 N 03 E 88 F    30 C  22
1985 03 23 0126 0129 N 05 E 68 F    14      
1985 03 23 0119 0123 N 06 E 64 F    19      
1985 03 23 0307 0332 N 04 E 78 N    62      
1985 03 23 0307 0336 N 06 E 84 N    80      
1985 03 23 1202 1223 N 06 E 71 F    12      
1985 03 23 1343 1347 N 07 E 70 F    30      
1985 03 23 1613 1629 N 04 E 71 F    18      
1985 03 23 2053 2222 S 13 E 28 F   107      
1985 03 23 2053 2230 S 12 E 28 F   160      
1985 03 24 0118 0138 N 04 E 73 F    72      
1985 03 24 1131 1142 S 14 W 58 F    20      
1985 03 25 2333 2410 N 07 E 35 N    57      
1985 03 25 2330 2344 N 09 E 37 N    40      
1985 03 26 0007 0045 N 08 E 38 F    50      
1985 03 27 0904 0907 N 04 E 14 F            
1985 03 28 1053 1115 N 08 E 04 F    30      
1985 03 30 1150 1150 N 03 W 23 N    84      
1985 03 31 0138 0146 S 11 W 69 F    17      
1985 03 31 0659 0729 S 10 W 72 F    18      
1985 04 01 1234 1430 S 26 E 48 F    69      
1985 04 01 1516 1541 S 27 E 48 F    30      
1985 04 01 1517 1526 S 27 E 48 F    20      
1985 04 01 1736 1744 S 29 E 48 F    25      
1985 04 02 1630 1639 N 01 W 63 F    10      
1985 04 03 1114 1122 N 06 W 70 F    20      
1985 04 03 1159 1514 N 06 W 73 N    39      
1985 04 03 1238 1325 N 06 W 71 B    50      
1985 04 03 1333 1456 N 06 W 72 B    60      
1985 04 03 1159 1225 N 06 W 71 N    40      
1985 04 03 1643 1715 N 03 W 69 N    35      
1985 04 03 1420 1505 N 07 W 73 F    33      
1985 04 03 1339 1412 N 07 W 73 F    13      
1985 04 03 1733 1803 N 06 W 74 F    26      
1985 04 03 1733 1759 N 07 W 74 F    35      
1985 04 03 1914 1925 N 08 W 75 F    38      
1985 04 04 0159 0225 S 27 E 15 N   126      
1985 04 04 0143 0248 S 26 E 16 F    65      
1985 04 04 0136 0514 S 26 E 16 N   190      
1985 04 04 1102 1349 S 10 E 70 F    20      
1985 04 04 1951 2022 S 27 E 06 N    70      
1985 04 04 1951 1953 S 28 E 07 N            
1985 04 05 0031 0046 S 19 E 60 F    26      
1985 04 05 0400 0523 S 20 E 13 N   131      
1985 04 05 0454 0500 S 14 E 60 N   131      
1985 04 05 0650 0710 N 15 E 65 F    56      
1985 04 05 0712 0743 S 17 W 01 F    46      
1985 04 05 0735 0825 S 27 E 00 N    56      
1985 04 05 0735 0825 S 27 E 02 N    56      
1985 04 05 1747 1755 S 22 E 06 F    39      
1985 04 06 0413 0544 S 25 W 13 F   114      
1985 04 06 1616 1625 S 21 W 07 F    55      
1985 04 06 1616 1622 S 21 W 09 F    62      
1985 04 07 0321 0410 S 28 W 23 N   121      
1985 04 07 0330 0400 S 28 W 23 N   147      
1985 04 07 0434 0453 S 27 W 24 F   157      
1985 04 07 0437 0523 S 17 E 35 F   105      
1985 04 08 0206 0225 S 29 W 33 F    40      
1985 04 09 1526 1539 S 18 E 01 F    38      
1985 04 09 1526 1539 S 18 E 01 F    37      
1985 04 12 0610 0634 S 12 E 41 F    40      
1985 04 17 1255 1435 S 08 E 82 F    30      
1985 04 17 1455 1606 S 08 E 81 F    30      
1985 04 18 0403 0428 S 06 E 79 F    87      
1985 04 20 1041 1049 N 04 E 73 F            
1985 04 20 1220 1300 N 05 E 80 F    20      
1985 04 20 1520 1540 N 04 E 78 F    10      
1985 04 20 1753 1811 N 04 E 71 F    64      
1985 04 20 2259 2317 N 07 E 68 F    40      
1985 04 21 0028 0036 N 06 E 71 F    13      
1985 04 21 0125 0127 N 07 E 67 N    31      
1985 04 21 0308 0328 N 10 E 49 F    70      
1985 04 21 0600 0610 N 12 E 68 B    56      
1985 04 21 0906 1205 N 06 E 62 N   123      
1985 04 21 1140 1147 N 06 E 65 N   157      
1985 04 21 1040 1222 N 07 E 62 N    62      
1985 04 21 1146 1233 N 03 E 62 N            
1985 04 21 1241 1311 N 03 E 63 N            
1985 04 21 1327 1435 N 03 E 60 F   100      
1985 04 21 1616 1645 N 04 E 62 B   127 C  21
1985 04 21 1719 1725 N 04 E 60 F    24      
1985 04 21 1914 1958 N 04 E 59 F    21      
1985 04 21 2000 2111 N 04 E 58 F    80      
1985 04 22 0023 0043 N 04 E 56 N    20      
1985 04 22 0232 0239 N 04 E 54 N    31      
1985 04 22 0305 0316 N 07 E 54 N   108      
1985 04 22 0600 0620 N 05 E 55 N    32      
1985 04 22 0600 0603 N 03 E 39 F    44      
1985 04 22 0724 0742 N 04 E 52 N   138      
1985 04 22 0733 0742 N 05 E 52 N   231      
1985 04 22 0814 0842 N 04 E 50 B            
1985 04 22 0903 0915 N 06 E 53 N            
1985 04 22 1208 1330 N 03 E 51 N    83      
1985 04 22 1212 1222 N 05 E 49 N    28      
1985 04 22 1637 1649 N 05 E 49 B   149 M  10
1985 04 22 1701 1733 N 06 E 47 N    29 C  21
1985 04 22 1711 1733 N 06 E 47 F    20 C  21
1985 04 22 2136 2150 N 04 E 44 N    22      
1985 04 23 0223 0305 N 06 E 38 N   140      
1985 04 23 0250 0300 N 06 E 41 N    92 C  11
1985 04 23 0513 0536 N 02 E 38 N            
1985 04 23 0722 0731 N 03 E 41 F    64      
1985 04 23 0820 0836 N 08 E 38 F    20      
1985 04 23 0827 0831 N 07 E 38 F    20      
1985 04 23 0905 0955 N 04 E 38 N    60      
1985 04 23 1012 1046 N 03 E 37 N   108      
1985 04 23 1023 1053 N 02 E 36 N   150      
1985 04 23 1244 1246 N 04 E 35 F    20      
1985 04 23 1433 1440 N 04 E 32 F    30      
1985 04 23 1900 1907 N 04 E 29 F    33      
1985 04 23 2108 2124 N 04 E 30 N    81 C  55
1985 04 23 2108 2124 N 04 E 30 N    95 C  55
1985 04 24 0200 0231 N 05 E 25 F   185 C  88
1985 04 24 0148 0224 N 05 E 27 B   153      
1985 04 24 0214 0244 N 07 E 25 N   260      
1985 04 24 0458 0519 N 07 E 25 N   540      
1985 04 24 0309 0315 N 05 E 26 N   108      
1985 04 24 0342 0516 N 06 E 26 N   438      
1985 04 24 0349 0448 N 07 E 27 N   290      
1985 04 24 0532 0538 N 07 E 27 F    22      
1985 04 24 0850 1050 N 05 E 24 B   993 X  19
1985 04 24 0850 0916 N 05 E 23 B   506      
1985 04 24 0855 0903 N 05 E 23 N   108 X  19
1985 04 24 1655 1658 N 04 E 20 B    80 C  12
1985 04 24 1600 1738 N 02 E 18 B   174 C  12
1985 04 24 1600 1744 N 04 E 20 N    37      
1985 04 24 1800 1808 N 02 E 17 N    31      
1985 04 24 1833 1839 N 03 E 18 B    35      
1985 04 24 1833 1835 N 03 E 19 B    39      
1985 04 24 1935 2116 N 04 E 18 N   138      
1985 04 24 1935 2116 N 04 E 18 B   116 C  19
1985 04 24 2141 2212 N 05 E 15 N    59      
1985 04 24 2348 2406 N 06 E 15 N            
1985 04 25 0108 0142 N 05 E 14 N   169      
1985 04 25 0228 0246 N 04 E 14 F    56 C  10
1985 04 25 0253 0330 N 06 E 12 N   108      
1985 04 25 0422 0427 N 06 E 13 F    70      
1985 04 25 0459 0506 N 05 E 12 F    21      
1985 04 25 0515 0522 N 03 E 11 F    24      
1985 04 25 0637 0652 N 06 E 12 F    52      
1985 04 25 0637 0651 N 05 E 11 F    52      
1985 04 25 0726 0744 N 05 E 12 F       C  42
1985 04 25 0728 0809 N 06 E 10 N            
1985 04 25 0729 0745 N 02 E 10 N   102      
1985 04 25 0729 0745 N 04 E 09 N    92      
1985 04 25 0854 0920 N 05 E 04 N    20      
1985 04 25 1011 1050 N 05 E 11 F    50      
1985 04 25 1022 1041 N 01 E 06 F            
1985 04 25 1137 1150 N 06 E 03 N    20      
1985 04 25 1223 1228 N 04 E 12 N    38      
1985 04 25 1444 1600 N 05 E 03 N    52      
1985 04 25 1449 1648 N 05 E 06 B    71      
1985 04 25 1449 1648 N 05 E 06 N    64      
1985 04 25 1803 1813 N 06 E 01 F    23      
1985 04 25 1816 1827 N 04 E 05 F    31      
1985 04 25 1828 1837 N 02 E 03 F    46      
1985 04 25 1852 1904 N 04 E 04 N    80      
1985 04 25 1906 2134 N 06 E 03 B   206 C  19
1985 04 25 1906 2134 N 06 E 03 N   113      
1985 04 25 1926 1937 S 12 W 30 F    22      
1985 04 25 2333 2410 N 07 E 36 N    40      
1985 04 25 2334 2337 N 07 E 38 F    24      
1985 04 26 0024 0035 N 05 E 02 N    48 C  19
1985 04 26 0233 0236 N 04 E 02 F    27      
1985 04 26 0326 0334 N 04 E 01 N    41 C  14
1985 04 26 0929 0940 N 08 W 05 F            
1985 04 26 1842 1857 N 04 W 10 F    66      
1985 04 26 2246 2336 N 07 W 11 F    70      
1985 04 27 0650 0653 N 07 W 17 F    10      
1985 04 27 1225 1238 N 02 W 18 N    40      
1985 04 27 1227 1237 N 01 W 17 F    30      
1985 04 27 1323 1329 N 01 W 20 F    30      
1985 04 27 2102 2113 N 03 W 27 F   120      
1985 04 28 0504 0710 N 02 W 35 N    30      
1985 04 28 1719 1723 N 04 W 40 F    50      
1985 04 28 1903 1914 N 03 W 36 F    28      
1985 04 28 2208 2251 N 02 W 38 F    80      
1985 04 28 2212 2226 N 03 W 38 N    74      
1985 04 29 0338 0354 N 07 W 42 N    60      
1985 04 29 0335 0401 N 04 W 43 F    30      
1985 04 29 1555 1604 N 03 W 49 N    24      
1985 04 29 1801 1815 N 02 W 53 F    62 C  19
1985 04 30 0405 0420 N 03 W 55 N    84      
1985 04 30 1335 1344 N 05 W 60 F    10      
1985 04 30 2030 2040 N 05 W 63 F    31      
1985 04 30 2344 2356 N 02 W 64 N    38 C  20
1985 04 30 2345 2351 N 01 W 64 F    50      
1985 05 01 0208 0238 S 06 W 65 F    20      
1985 05 01 0700 0708 N 03 W 71 N    64      
1985 05 01 1251 1310 N 03 W 74 F    22      
1985 05 01 1430 1455 N 04 W 72 B    38 C  27
1985 05 01 1430 1433 N 03 W 73 B    44 C  27
1985 05 01 1723 1728 N 11 W 71 F    13      
1985 05 01 1918 1932 N 05 W 70 N    49      
1985 05 01 2124 2126 N 08 W 74 F    12      
1985 05 02 0212 0353 N 06 E 60 B   120      
1985 05 02 0504 0539 N 04 W 90 N    60      
1985 05 02 0640 0729 N 05 E 60 N   100      
1985 05 02 0700 0740 N 04 E 58 F   122      
1985 05 02 0640 0709 N 07 E 59 B    50      
1985 05 02 0720 0830 N 04 W 87 B   130      
1985 05 02 0813 0836 N 03 W 90 B    79      
1985 05 02 0746 0757 N 05 W 90 B            
1985 05 02 0743 0836 N 03 W 80 B    80      
1985 05 02 0720 0835 N 05 W 80 B   100      
1985 05 02 1858 1906 N 03 E 77 F    19      
1985 05 02 2355 2504 N 06 E 61 F   120      
1985 05 03 0408 0525 N 07 E 48 N   160      
1985 05 03 0952 1022 N 08 W 90 F            
1985 05 03 1059 1112 N 08 W 90 F            
1985 05 06 0413 0425 N 05 E 30 F   131      
1985 05 06 0630 0650 S 11 W 33 N   210      
1985 05 07 0543 0630 N 04 W 06 N    64      
1985 05 07 0610 0620 N 04 W 07 N    87      
1985 05 07 0751 0756 S 11 E 85 N    16 C  14
1985 05 07 0800 0816 S 14 E 83 N       C  14
1985 05 07 0923 0931 S 13 E 81 N    48      
1985 05 07 1439 1457 S 14 E 83 N    45      
1985 05 07 1723 1742 S 16 E 80 N    15      
1985 05 07 1939 1942 S 13 E 75 F    14      
1985 05 08 0244 0251 S 11 E 72 F    18      
1985 05 08 0446 0533 S 09 E 71 F    20      
1985 05 08 1049 1054 S 11 E 69 F            
1985 05 08 1057 1100 N 06 E 85 F            
1985 05 08 1459 1502 S 15 E 77 F    12      
1985 05 08 1622 1634 N 04 W 03 F    22      
1985 05 08 1923 1928 S 15 E 66 F    14      
1985 05 08 2112 2155 N 04 W 06 N    63      
1985 05 08 2121 2155 N 04 W 06 N    46      
1985 05 09 0534 0543 N 06 E 70 N    22      
1985 05 09 0554 0617 S 13 E 58 N    52      
1985 05 09 0554 0610 S 14 E 59 N    58      
1985 05 09 0555 0620 N 13 E 65 F   349      
1985 05 09 1132 1142 S 14 E 54 F    10      
1985 05 09 1718 1735 S 14 E 54 F    26      
1985 05 09 1718 1726 S 14 E 54 F    17      
1985 05 09 1941 1945 S 12 E 50 B    38      
1985 05 09 1955 2015 N 04 E 64 N    50      
1985 05 09 2316 2431 S 12 E 52 N    40      
1985 05 10 0446 0458 S 12 E 45 F   131      
1985 05 10 1008 1024 S 14 E 45 F   150      
1985 05 10 1139 1149 S 15 E 44 F    44      
1985 05 10 1439 1445 S 12 E 42 F    23      
1985 05 10 1556 1635 S 12 E 40 N   121      
1985 05 11 0053 0104 S 17 E 35 F    29      
1985 05 11 0433 0522 S 11 E 30 N    86      
1985 05 11 0456 0522 S 10 E 30 F    40      
1985 05 11 0535 0603 N 08 E 45 F    60      
1985 05 11 0541 0655 S 08 E 34 B   120      
1985 05 12 0025 0042 S 13 E 26 F    89      
1985 05 12 0045 0057 S 14 E 24 N    34      
1985 05 12 0045 0058 S 13 E 25 F    43      
1985 05 12 0651 0725 S 10 E 18 N    50      
1985 05 12 0652 0728 S 09 E 22 B   112      
1985 05 12 0652 0705 S 10 E 23 N   174      
1985 05 12 0652 0719 S 11 E 23 N   235      
1985 05 12 0800 0807 S 15 E 21 F            
1985 05 12 1815 1821 S 10 E 15 F    26      
1985 05 12 1815 1821 S 09 E 15 F    23      
1985 05 12 1910 1923 S 11 E 16 F    27      
1985 05 12 2228 2242 S 09 E 12 N    49      
1985 05 13 0119 0127 S 14 E 11 F    36      
1985 05 13 0444 0455 S 11 E 02 F    44      
1985 05 13 0439 0513 S 11 E 02 N    50      
1985 05 13 0515 0544 S 10 E 08 N    48      
1985 05 13 0515 0603 S 09 E 08 F    50      
1985 05 13 0803 0853 S 13 E 05 F    56      
1985 05 13 0815 0900 S 14 E 08 F   150      
1985 05 13 0939 0948 S 12 E 07 B    54      
1985 05 13 1353 1404 S 15 E 03 F    27      
1985 05 13 1819 1912 S 12 E 00 N   133 C  21
1985 05 13 1820 1931 S 15 W 02 N   144 C  21
1985 05 13 2052 2112 S 13 W 00 F    28      
1985 05 14 0009 0207 S 14 W 03 N   134 C  20
1985 05 14 0009 0026 S 14 W 04 N   117      
1985 05 14 0009 0026 S 14 W 04 B   190 C  20
1985 05 14 0353 0412 S 14 W 04 F    24      
1985 05 14 0353 0359 S 14 W 04 F    24      
1985 05 14 0632 0642 N 10 E 05 F    10      
1985 05 14 0827 0840 S 13 W 20 F    10      
1985 05 14 0917 0947 S 14 W 09 F    20      
1985 05 14 1025 1030 S 12 W 07 F    30      
1985 05 14 1127 1130 S 12 W 07 F    30      
1985 05 14 1356 1404 S 13 W 10 F    44      
1985 05 14 1410 1526 S 12 W 10 F   133      
1985 05 14 1717 1729 S 10 W 11 F    21      
1985 05 14 2320 2429 S 16 W 14 N    40      
1985 05 15 0015 0031 S 12 W 21 N    30      
1985 05 15 1144 1151 S 12 W 21 N            
1985 05 15 1753 1808 S 13 W 24 F            
1985 05 16 0150 0205 S 11 W 29 B    73      
1985 05 16 0630 0707 S 10 W 31 N   232 C  19
1985 05 16 0635 0655 S 10 W 31 B   346      
1985 05 16 0637 0650 S 12 W 31 B   253      
1985 05 16 0630 0707 S 11 W 32 N   222 C  19
1985 05 16 0925 0930 N 01 E 90 N   112      
1985 05 17 0358 0410 N 06 E 83 N    39      
1985 05 17 0439 0514 S 18 W 45 F    20      
1985 05 17 1027 1045 N 01 E 80 F            
1985 05 17 1225 1235 N 06 E 76 N    19      
1985 05 17 2016 2037 N 05 E 70 F    20      
1985 05 17 2110 2200 N 04 E 68 F   200      
1985 05 18 0144 0213 N 08 W 47 N    60      
1985 05 18 0221 0403 N 05 W 51 F    30      
1985 05 18 0403 0423 S 11 W 57 F    60      
1985 05 18 0431 0516 N 06 W 56 F    30      
1985 05 18 0721 0727 N 09 W 50 F    10      
1985 05 18 1223 1227 S 09 E 42 N    31      
1985 05 18 1229 1242 N 09 E 61 F    37      
1985 05 19 0148 0155 S 12 W 60 N    40      
1985 05 19 0339 0407 S 13 W 69 N    50      
1985 05 19 0339 0407 S 11 W 68 F    30      
1985 05 19 0343 0353 N 06 E 51 N    16      
1985 05 19 2052 2059 N 05 E 46 N    52 C  35
1985 05 19 2220 2225 N 07 E 46 F   116      
1985 05 20 0019 0028 N 08 E 44 F    40      
1985 05 20 1452 1500 N 06 E 38 N    67      
1985 05 20 1452 1501 N 06 E 37 F    70      
1985 05 21 0413 0444 N 05 E 26 N   252 C  19
1985 05 21 0408 0458 N 05 E 25 N   300      
1985 05 21 0550 0601 N 07 E 15 N   131      
1985 05 21 0835 0847 N 06 E 28 N    36      
1985 05 21 0836 0848 N 06 E 27 F    21      
1985 05 21 0837 0839 N 06 E 29 B    50      
1985 05 21 0915 0927 N 06 E 28 F    60      
1985 05 21 0917 0925 N 07 E 27 F    84      
1985 05 21 0953 1000 N 01 E 27 B    95      
1985 05 21 0958 1010 N 07 E 26 N   112      
1985 05 21 1203 1219 N 07 E 25 F            
1985 05 21 1413 1426 N 07 E 24 F    34      
1985 05 21 1413 1423 N 06 E 24 F    26      
1985 05 21 1621 1651 N 06 E 25 F    10      
1985 05 21 1705 1716 N 07 E 25 F    57      
1985 05 21 1703 1716 N 09 E 24 F    57      
1985 05 21 1850 1906 N 06 E 22 B   111      
1985 05 21 2345 2359 N 08 E 19 F    80      
1985 05 22 0118 0132 N 07 E 19 F    43      
1985 05 22 0119 0130 N 07 E 19 F    20      
1985 05 22 0548 0606 N 07 E 15 N    55      
1985 05 22 0549 0606 N 06 E 17 N    60      
1985 05 22 0607 0614 N 07 E 13 F    20      
1985 05 22 1557 1610 N 06 W 02 F    20      
1985 05 22 1703 1727 N 06 E 04 F    83      
1985 05 22 1709 1731 N 04 E 04 F    38      
1985 05 22 2237 2258 N 09 E 01 F    31      
1985 05 23 0158 0243 N 08 W 00 F    62      
1985 05 23 0220 0249 N 08 W 00 F    84      
1985 05 23 0204 0216 N 08 E 01 F    23      
1985 05 23 0342 0351 N 07 E 04 N            
1985 05 23 0635 0650 N 07 W 05 F   140      
1985 05 23 0628 0755 N 09 W 07 N   150      
1985 05 23 0643 0701 N 07 W 05 F   140      
1985 05 23 0816 0827 N 05 W 02 F    10      
1985 05 24 0723 0737 N 10 W 16 F            
1985 05 24 0720 0738 N 07 W 17 F    24      
1985 05 24 1126 1142 N 03 W 20 F    28 C  15
1985 05 24 1316 1326 S 05 W 34 N    32      
1985 05 24 1316 1328 S 09 W 44 F    42      
1985 05 25 1231 1320 N 05 W 35 F   120      
1985 05 25 1929 1955 N 10 W 39 F    42      
1985 05 29 1119 1134 N 04 W 32 F    30      
1985 05 31 0638 0645 N 02 W 57 F            
1985 05 31 1013 1027 N 13 E 45 N    40      
1985 06 02 0635 0645 S 04 E 90 F    56      
1985 06 02 1049 1104 S 07 E 90 N   142      
1985 06 02 1055 1105 S 04 E 90 F   169      
1985 06 03 0226 0333 S 04 E 80 N    16      
1985 06 03 0625 0640 S 08 E 90 N    84      
1985 06 03 0625 0640 S 07 E 90 B            
1985 06 03 0700 0715 S 03 E 80 F            
1985 06 03 0848 0902 S 07 E 89 N            
1985 06 03 0848 0902 S 07 E 90 F            
1985 06 03 0913 0925 S 03 E 78 N            
1985 06 03 1012 1025 S 07 E 88 N            
1985 06 04 0636 0658 S 22 W 46 F   200      
1985 06 04 0808 0915 S 22 W 46 N    20      
1985 06 04 0808 0943 S 20 W 47 F    20      
1985 06 04 1007 1014 S 06 E 64 F            
1985 06 04 1050 1054 S 23 W 47 F            
1985 06 05 0606 0621 S 08 E 62 F    10      
1985 06 05 0707 0714 N 04 W 43 F            
1985 06 05 0724 0738 N 03 E 90              
1985 06 05 0727 0741 N 05 E 90 N            
1985 06 05 0742 0754 S 01 E 90 F    20      
1985 06 05 0935 0949 N 03 E 90 F            
1985 06 05 1044 1052 S 08 E 63 F    25      
1985 06 05 1046 1053 S 06 E 67 F            
1985 06 05 1052 1059 N 04 E 87 N    56      
1985 06 05 1052 1100 N 03 E 84 F            
1985 06 05 1052 1103 N 02 E 82 N            
1985 06 05 1110 1122 N 04 E 88 N    39      
1985 06 05 1110 1127 N 06 E 90 B            
1985 06 05 1149 1203 S 09 E 62 F    25      
1985 06 05 1212 1231 S 08 E 62 F    32      
1985 06 05 1424 1418 S 01 E 90 N    80      
1985 06 05 1416 1434 S 02 E 90 B    80      
1985 06 06 0416 0424 S 11 E 54 F    22      
1985 06 06 0553 0604 S 12 E 52 F    56      
1985 06 06 0553 0605 S 11 E 51 F    87      
1985 06 06 1011 1043 S 01 E 90 F    20      
1985 06 06 1012 1023 N 04 W 88 F            
1985 06 06 1050 1058 S 14 W 49 F            
1985 06 06 1516 1525 S 01 E 81 F    17 C  19
1985 06 06 1653 1715 S 11 E 47 F    72      
1985 06 06 1829 1850 S 10 E 46 F    62      
1985 06 06 1829 1846 S 09 E 47 F    86      
1985 06 07 0021 0039 N 05 E 73 F    20      
1985 06 07 0120 0202 S 11 E 10 F    50      
1985 06 07 0140 0208 N 02 E 74 F    70      
1985 06 07 0302 0356 N 01 E 70 F    60      
1985 06 08 0037 0143 S 07 E 10 N   195 C  12
1985 06 08 0058 0125 S 06 E 13 N   294      
1985 06 08 0031 0139 S 07 E 13 N   395      
1985 06 08 0028 0127 S 05 E 10 F   129      
1985 06 08 0342 0409 N 11 E 62 F    30      
1985 06 08 0701 0708 S 12 E 24 F    30      
1985 06 08 0854 0907 S 12 E 23 F    40      
1985 06 08 1112 1123 N 08 E 58 F    30      
1985 06 08 1330 1335 S 01 E 51 N    28      
1985 06 08 1329 1340 S 01 E 52 B    60      
1985 06 08 1439 1455 S 02 E 52 N    84 C  10
1985 06 09 0715 0755 S 16 E 10 F   131      
1985 06 09 0715 0755 S 16 E 09 F   131      
1985 06 09 0743 0752 N 01 E 44 F   131      
1985 06 09 0846 0907 S 10 E 02 F            
1985 06 09 0850 0855 S 10 E 11 N            
1985 06 09 0858 0905 N 02 E 43 F            
1985 06 09 0903 0912 S 17 W 09 F            
1985 06 09 0912 0940 S 10 E 02 F            
1985 06 09 1345 1350 S 15 E 05 F    33      
1985 06 09 2246 2322 S 01 E 37 F    31      
1985 06 10 0219 0225 S 06 W 16 F    92      
1985 06 10 0210 0231 S 07 W 17 F   160      
1985 06 10 1524 1530 N 03 E 24 N    39      
1985 06 10 1544 1600 N 01 E 20 N    60      
1985 06 10 1733 1739 S 00 E 25 F    23      
1985 06 10 2137 2143 N 03 E 17 F    60      
1985 06 11 0303 0309 N 02 E 15 F    37      
1985 06 11 0500 0650 N 01 E 19 F   160      
1985 06 11 0712 0721 S 11 W 26 F            
1985 06 11 0734 0740 N 05 E 18 F            
1985 06 11 0830 0843 N 04 E 17 F    30      
1985 06 11 0842 0850 S 11 W 25 F            
1985 06 11 1415 1420 N 02 E 07 F    20      
1985 06 11 2213 2225 N 01 E 02 N   120      
1985 06 11 2341 2412 N 01 E 25 F    90      
1985 06 12 0600 0715 S 09 W 38 F    20      
1985 06 12 0808 0910 S 10 E 70 N    30      
1985 06 12 0819 0850 S 09 W 37 F    20      
1985 06 12 0940 0950 S 08 W 41 N    16      
1985 06 13 0040 0114 S 01 W 13 F   100      
1985 06 13 0407 0421 N 03 E 01 F   114      
1985 06 13 0937 0958 N 01 W 10 N   141      
1985 06 13 1033 1042 S 02 W 05 F    20      
1985 06 13 1958 2010 S 09 W 51 F    27      
1985 06 14 0539 0558 N 02 W 20 N    66      
1985 06 14 0539 0601 N 01 W 20 N   110      
1985 06 14 1719 1748 N 01 W 28 F    36      
1985 06 14 2342 2400 S 02 W 37 N    30      
1985 06 15 0032 0038 S 04 W 37 F    60      
1985 06 15 0158 0213 S 04 W 37 N   123      
1985 06 15 0200 0209 S 04 W 37 F   176      
1985 06 15 0317 0333 S 03 W 39 F    70      
1985 06 15 0335 0420 S 03 W 35 N   220      
1985 06 15 0442 0510 S 01 W 37 N   261      
1985 06 15 0559 0624 S 02 W 41 F    60      
1985 06 15 0648 0702 S 03 W 38 F   100      
1985 06 15 1022 1032 S 02 W 44 F    10      
1985 06 15 1039 1053 S 09 W 73 N    30      
1985 06 15 1123 1215 S 09 W 90 F    30      
1985 06 15 1136 1144 S 10 E 28 F    10      
1985 06 16 0004 0014 S 02 W 31 F    20      
1985 06 16 0241 0257 S 05 W 52 F    60      
1985 06 16 0657 0749 S 02 W 51 F    87      
1985 06 16 1654 1706 S 02 W 60 F    44      
1985 06 16 1655 1702 S 01 W 61 F    31      
1985 06 16 1734 1753 S 01 W 60 N    24      
1985 06 16 1739 1746 S 01 W 62 F    21 C  11
1985 06 17 0012 0030 N 02 W 62 N   112 C  22
1985 06 17 0134 0202 S 03 W 66 F    40      
1985 06 17 1205 1232 S 01 W 70 N    31 C  28
1985 06 17 2123 2134 S 11 W 06 F    37      
1985 06 18 0812 0825 N 06 W 08 F            
1985 06 21 1058 1058 N 10 W 41 F            
1985 06 23 0942 1058 S 13 E 28 F            
1985 06 23 0942 1006 S 13 E 29 F            
1985 06 27 1352 1406 S 10 E 90 F    40      
1985 06 27 1442 1524 S 10 E 90 N    50      
1985 06 27 1656 1720 S 08 E 90 N    60      
1985 06 28 0108 0150 S 19 W 34 F    50      
1985 06 28 0559 0620 S 08 E 90 F    20      
1985 06 28 0632 0646 N 20 E 75 F    20      
1985 06 28 0720 0755 N 20 E 75 F    20      
1985 06 28 1111 1150 S 06 E 90 N    25      
1985 06 28 1111 1125 S 08 E 90 N    30      
1985 06 28 1332 1355 S 10 E 90 N    60      
1985 06 28 1646 1655 S 08 E 85 F    10      
1985 06 29 1703 1715 S 09 E 69 F    20      
1985 06 30 0126 0150 S 02 E 69 F    60      
1985 06 30 0216 0257 S 10 E 68 F    74      
1985 06 30 0245 0258 S 12 E 76 F    54      
1985 06 30 0216 0254 S 09 E 68 F   160      
1985 06 30 0635 0649 S 07 E 63 F    60      
1985 06 30 0927 0938 S 08 E 67 F    19      
1985 06 30 0927 0938 S 09 E 67 F            
1985 06 30 2207 2223 S 14 E 78 F    35      
1985 06 30 2336 2402 S 14 E 84 F    33      
1985 07 01 0108 0111 S 14 E 89 N    79      
1985 07 01 0203 0235 S 05 E 58 N    70      
1985 07 01 0508 0522 S 04 E 55 F    20      
1985 07 01 1404 1419 S 13 E 75 F            
1985 07 01 1740 1752 S 06 E 48 N    31      
1985 07 01 1744 1754 S 07 E 48 F    28      
1985 07 01 2245 2311 S 04 E 45 F    60      
1985 07 02 0051 0053 S 09 E 41 F    29      
1985 07 02 0122 0224 S 08 E 45 N    63      
1985 07 02 0426 0545 S 12 E 69 F    54      
1985 07 02 0612 0704 S 12 E 67 F    41      
1985 07 02 0730 0738 S 11 E 69 F            
1985 07 02 1014 1038 S 07 E 40 N    20      
1985 07 02 1107 1212 S 14 E 63 N    92 C  18
1985 07 02 1110 1220 S 13 E 64 N    64      
1985 07 02 1651 1729 S 14 E 59 N    66      
1985 07 02 1657 1735 S 15 E 59 B    70      
1985 07 02 1722 1732 S 15 E 58 F    40      
1985 07 02 2056 2310 S 14 E 57 B   328 M  45
1985 07 02 2056 2310 S 15 E 56 B   516 M  45
1985 07 03 0139 0154 S 08 E 30 N   126      
1985 07 03 0245 0252 S 15 E 57 F    70      
1985 07 03 0550 0625 S 13 E 54 F    30      
1985 07 03 0937 0956 S 12 E 54 F            
1985 07 03 1403 1424 S 12 E 54 F    20      
1985 07 03 1423 1504 S 12 E 55 F    20      
1985 07 03 1617 1645 S 13 E 51 F            
1985 07 03 1617 1650 S 13 E 54 N    30      
1985 07 03 1844 1856 S 12 E 50 F    37      
1985 07 04 0213 0219 S 11 E 46 F    27      
1985 07 04 0716 0721 S 19 E 42 F   140      
1985 07 04 0759 0804 S 13 E 43 F    30      
1985 07 04 0910 0917 S 14 E 38 N    64      
1985 07 04 1006 1018 S 07 E 13 N    47      
1985 07 04 1212 1240 S 13 E 40 F    44      
1985 07 04 1213 1235 S 18 E 39 F    35      
1985 07 04 2110 2120 S 18 E 34 N    32      
1985 07 04 2117 2120 S 19 E 34 F    23      
1985 07 05 0127 0135 S 20 E 31 N    47      
1985 07 05 0245 0339 S 19 E 31 N    50      
1985 07 05 0504 0615 S 20 E 30 N    87      
1985 07 05 0937 0958 S 20 E 27 B    90      
1985 07 05 1134 1208 S 19 E 25 B    36      
1985 07 05 1142 1202 S 20 E 25 B    40      
1985 07 05 1352 1415 S 18 E 24 F    42      
1985 07 05 1345 1405 S 20 E 24 B    30      
1985 07 05 1708 1713 S 17 E 23 F    24      
1985 07 05 1703 1717 S 20 E 23 F    20      
1985 07 05 2300 2523 S 11 E 19 F    33      
1985 07 06 0238 0311 S 11 E 16 F    83 C  10
1985 07 06 0345 0356 S 11 E 15 F    42      
1985 07 06 0347 0359 S 11 E 17 F    58      
1985 07 06 0504 0525 S 06 W 13 N   174      
1985 07 06 0516 0535 S 15 E 14 N   174      
1985 07 06 0916 0927 S 20 E 13 N    30      
1985 07 06 1401 1425 S 14 E 08 F    10      
1985 07 06 1425 1435 S 19 E 98 F    10      
1985 07 06 1647 1654 S 16 E 09 F    32      
1985 07 06 1715 1858 S 18 E 09 N    61      
1985 07 06 1834 1851 S 17 E 08 F    34      
1985 07 06 1923 1943 S 19 E 09 B    51      
1985 07 06 1716 1929 S 18 E 09 F    56      
1985 07 06 1744 1826 S 21 E 09 F    63      
1985 07 06 1946 2004 S 20 E 08 F    28      
1985 07 07 0012 0018 S 17 E 06 F   148 C  13
1985 07 07 0000 0023 S 17 E 06 F   188      
1985 07 07 0100 0109 S 15 E 03 N   152      
1985 07 07 0049 0100 S 20 E 05 F    26      
1985 07 07 0526 0537 S 15 E 00 N   211 C  30
1985 07 07 0526 0540 S 15 W 01 F   174      
1985 07 07 1700 1812 S 22 W 03 N    98      
1985 07 07 1735 1804 S 22 W 03 N   127      
1985 07 08 0359 0506 S 15 W 12 N   336      
1985 07 08 0410 0455 S 17 W 12 N    83      
1985 07 08 0410 0421 S 17 W 11 F    35      
1985 07 08 0500 0625 S 17 W 13 N   114      
1985 07 08 0521 0523 S 21 W 10 F    23      
1985 07 08 0535 0613 S 15 W 13 N   184      
1985 07 08 0548 0611 S 14 W 13 F    26      
1985 07 08 0722 0815 S 15 W 17 N   120      
1985 07 08 0851 0906 S 12 W 13 N    64      
1985 07 08 0954 1013 S 15 W 14 N    64      
1985 07 08 0955 1011 S 22 W 16 N            
1985 07 08 1123 1136 S 12 W 14 N    48      
1985 07 08 1123 1136 S 14 W 16 N    48      
1985 07 08 1715 1721 S 09 W 31 F    20      
1985 07 08 2303 2313 S 09 W 35 F    39      
1985 07 08 2322 2329 S 16 W 21 F    72      
1985 07 09 0123 0129 S 05 W 40 N    71      
1985 07 09 0123 0129 S 13 W 27 N   220      
1985 07 09 0310 0533 S 11 W 30 N   954      
1985 07 09 0305 0312 S 13 W 25 N    32      
1985 07 09 0133 0312 S 13 W 25 B   450      
1985 07 09 0136 0154 S 11 W 25 B   239      
1985 07 09 0526 0530 S 17 W 28 N    50      
1985 07 09 0624 0629 S 22 W 27 N            
1985 07 09 0806 0834 N 03 W 01 N   120      
1985 07 09 0812 0832 N 03 E 01 N    48      
1985 07 09 0808 0831 N 05 E 00 N    48 C  19
1985 07 09 0843 0857 S 19 W 30 B    20      
1985 07 09 1105 1116 S 19 W 32 N   197      
1985 07 09 1107 1116 S 19 W 33 F            
1985 07 09 1235 1243 N 05 E 00 F            
1985 07 09 1646 1707 S 19 W 35 B    70 C  36
1985 07 09 1910 1916 S 15 W 33 F    42      
1985 07 09 2013 2035 S 18 W 34 F    38      
1985 07 09 2019 2020 S 15 W 34 F    59      
1985 07 09 2345 2404 S 17 W 35 N    90      
1985 07 10 0030 0035 S 20 W 38 F    40      
1985 07 10 0156 0207 S 06 W 51 F    34      
1985 07 10 0339 0344 S 15 W 38 N    20      
1985 07 10 0339 0343 S 16 W 37 F    19      
1985 07 10 0653 0700 S 14 W 40 F    28      
1985 07 10 0746 0806 N 03 W 17 F    10      
1985 07 10 0804 0913 S 16 W 42 N    20      
1985 07 10 0859 0914 S 12 W 38 N    32      
1985 07 10 0844 0854 S 08 W 56 N    80      
1985 07 10 0902 0921 S 15 W 53 N    48      
1985 07 10 1015 1033 S 16 W 45 B    60      
1985 07 10 1048 1102 S 07 W 55 N    87      
1985 07 10 1125 1340 S 08 W 58 F    60      
1985 07 10 1250 1259 S 19 W 47 N    10      
1985 07 10 1409 1425 S 17 W 45 N    20      
1985 07 10 1437 1447 N 05 W 13 F    30      
1985 07 10 1646 1704 S 12 W 44 B    52      
1985 07 10 1646 1702 S 12 W 44 B    60      
1985 07 10 1722 1730 S 08 W 59 F    17 C  11
1985 07 10 1711 1723 S 08 W 60 F    35      
1985 07 10 2033 2050 S 17 W 47 N    19      
1985 07 10 2108 2124 S 17 W 47 F    26      
1985 07 10 2231 2234 S 16 W 48 N    24      
1985 07 10 2232 2301 N 02 W 23 F    40      
1985 07 11 0250 0259 S 14 W 50 F    18      
1985 07 11 0325 0346 S 13 W 51 F    24      
1985 07 11 0332 0340 S 07 W 64 F    39      
1985 07 11 0507 0518 S 05 W 66 F    19      
1985 07 11 0647 0652 S 10 W 69 F    50      
1985 07 11 0639 0645 S 05 W 66 F    12      
1985 07 11 0720 0730 S 09 W 64 F            
1985 07 11 0746 0754 S 07 W 63 F    32      
1985 07 11 0746 0755 S 06 W 60 F    32      
1985 07 11 0744 0755 S 09 W 64 F            
1985 07 11 0936 0940 S 08 W 66 F    20      
1985 07 11 1148 1155 S 08 W 67 N    20      
1985 07 11 1309 1330 S 18 W 54 F    20      
1985 07 11 1345 1410 S 18 W 59 N    40 C  51
1985 07 11 1433 1437 S 13 W 57 F    10      
1985 07 12 0235 0244 S 13 W 65 F    15      
1985 07 12 0501 0630 S 16 W 66 N    88      
1985 07 12 0519 0625 S 18 W 63 F            
1985 07 12 0502 0635 S 14 W 66 N    95      
1985 07 12 0517 0615 S 20 W 69 N   163      
1985 07 12 0618 0650 S 08 W 68 N            
1985 07 12 0734 0749 S 15 W 67 F    22      
1985 07 13 0514 0523 S 15 W 78 F    19      
1985 07 13 0541 0600 S 16 W 83 F    25      
1985 07 13 0550 0605 S 20 W 90 F            
1985 07 13 0648 0652 S 17 W 86 N    29      
1985 07 13 0648 0652 S 20 W 90 F            
1985 07 13 0818 0825 S 20 W 85 N            
1985 07 13 0837 0904 S 16 W 85 B    42      
1985 07 13 0849 0858 S 15 W 78 B    40      
1985 07 13 0847 0905 S 18 W 90 B    40      
1985 07 13 0837 0919 S 16 W 88 F            
1985 07 13 1043 1050 S 16 W 90 F            
1985 07 13 1712 1719 S 18 W 90 F    10      
1985 07 13 1842 1850 S 15 W 87 N    40      
1985 07 13 1842 1853 S 17 W 84 N    60      
1985 07 14 0319 0322 N 03 W 63 N   126      
1985 07 14 0520 0530 S 15 W 90 F    28      
1985 07 15 1002 1011 N 02 W 82 F    10      
1985 07 16 0632 0639 S 12 E 86 F            
1985 07 17 1050 1054 S 12 E 66 F            
1985 07 18 0636 0653 S 18 E 50 F    10      
1985 07 20 0531 0538 S 15 E 22 F    30      
1985 07 20 0831 0843 S 14 E 20 N    20      
1985 07 21 0317 0353 S 16 E 16 N    48      
1985 07 21 0319 0334 S 16 E 16 N    47      
1985 07 21 0932 0940 S 15 E 13 F            
1985 07 22 0753 0758 S 13 E 62 F            
1985 07 22 0840 1000 S 14 E 62 F            
1985 07 22 1105 1130 S 14 E 61 F            
1985 07 22 1138 1150 S 14 E 61 F            
1985 07 26 0450 0501 N 03 W 09 F    87      
1985 07 26 0743 0750 N 18 E 90 F            
1985 07 26 0743 0750 S 13 E 08 F            
1985 07 26 0805 0817 N 06 E 90 F            
1985 07 26 0815 0825 S 07 E 90 N            
1985 07 26 1050 1056 N 07 E 90 F            
1985 07 27 0224 0311 N 07 E 90 F            
1985 07 28 0802 0810 S 08 E 65 F            
1985 07 28 0831 0836 N 02 W 38 F            
1985 07 28 0836 0850 S 15 E 86 N    50      
1985 07 28 0858 0908 N 07 E 67 N    40      
1985 07 28 0930 0940 S 07 W 56 F            
1985 07 28 1007 1011 S 23 E 90 N   225      
1985 07 28 1022 1037 S 16 E 78 N    32      
1985 07 28 2312 2334 N 07 E 59 N   138 C  13
1985 07 28 2313 2333 N 08 E 57 B   300      
1985 07 29 0514 0529 S 07 W 69 F    87      
1985 07 29 0607 0618 N 08 E 50 N    26      
1985 07 29 0608 0615 N 07 E 47 N    32      
1985 07 29 0718 0729 S 04 W 68 F    15      
1985 07 29 0750 0800 S 07 W 69 F    87      
1985 07 29 0902 0910 S 18 E 62 N    18      
1985 07 29 0902 0912 S 19 E 64 N    19      
1985 07 29 1009 1022 S 05 W 65 N    31      
1985 07 29 1625 1639 S 18 E 60 N    38      
1985 07 29 2130 2141 N 07 E 42 F    71      
1985 07 29 2130 2144 N 06 E 40 F    44      
1985 07 30 0516 0524 N 06 E 42 N    80      
1985 07 30 0516 0524 N 06 E 43 F    44      
1985 07 30 0536 0556 S 19 E 52 N            
1985 07 30 0533 0556 S 17 E 53 N   131      
1985 07 30 0546 0546 S 18 E 51 F    51      
1985 07 30 0745 0755 N 06 E 33 B    64      
1985 07 30 0743 0753 N 06 E 32 F   120      
1985 07 30 0810 0818 N 06 E 34 N    81      
1985 07 30 0810 0818 N 07 E 34 N            
1985 07 30 0934 0938 S 07 W 87 F            
1985 07 30 0955 1000 S 07 W 87 F            
1985 07 30 1009 1015 S 06 E 36 F            
1985 07 30 1023 1030 S 08 E 32 F            
1985 07 30 1111 1126 S 19 E 49 F   173      
1985 07 30 1125 1130 N 04 E 31 F   112      
1985 07 30 1310 1330 N 05 E 38 F    23      
1985 07 30 2336 2346 N 09 E 40 F    70      
1985 07 31 0113 0119 N 06 E 23 F    80      
1985 07 31 0159 0224 N 06 E 23 F    40      
1985 07 31 0331 0349 N 05 E 23 N    71      
1985 07 31 0331 0349 N 06 E 23 N   100      
1985 07 31 0427 0438 N 07 E 22 N    60      
1985 07 31 0534 0555 N 06 E 22 N   120      
1985 07 31 0536 0555 N 06 E 22 N            
1985 07 31 0635 0702 N 06 E 22 N    94      
1985 07 31 0640 0705 N 05 E 21 F    84      
1985 07 31 0720 0733 N 06 E 22 N   122      
1985 07 31 0722 0734 N 06 E 21 B   127      
1985 07 31 0951 0956 N 04 E 19 N    31      
1985 07 31 1104 1121 N 05 E 19 F    20      
1985 07 31 1137 1147 N 05 E 19 F    22      
1985 07 31 1201 1208 N 10 E 24 F    23      
1985 07 31 2255 2310 S 10 E 29 F    80      
1985 07 31 2338 2400 N 04 E 20 F    80      
1985 08 01 0336 0357 N 06 E 14 N    79      
1985 08 01 0428 0533 N 06 E 14 F   100      
1985 08 01 0631 0709 N 06 E 14 F    60      
1985 08 02 2203 2233 N 06 W 12 F    30      
1985 08 06 0223 0236 S 23 W 25 B   157      
1985 08 06 0356 0359 S 16 W 40 N    79      
1985 08 06 0521 0523 S 16 W 42 N    31      
1985 08 06 0745 0752 S 14 W 42 F    10      
1985 08 06 1017 1024 N 09 E 90 N    40      
1985 08 06 1501 1512 S 16 W 46 F    26      
1985 08 06 1504 1511 S 16 W 45 F    23      
1985 08 06 1621 1625 S 15 W 47 N    20      
1985 08 06 2110 2114 S 14 W 47 F    20      
1985 08 07 0310 0317 S 12 W 53 F    43      
1985 08 07 0912 0920 N 03 W 67 F    20      
1985 08 07 0930 0937 S 14 W 56 F    10      
1985 08 07 1042 1045 N 03 W 69 F    31      
1985 08 07 1124 1151 S 12 W 57 F    10      
1985 08 07 1159 1217 S 14 W 57 F    20      
1985 08 07 1303 1310 S 14 W 58 N    20      
1985 08 07 1305 1316 S 14 W 58 F    34      
1985 08 07 1307 1311 N 01 E 88 N    10      
1985 08 07 1451 1515 S 15 W 60 N    40      
1985 08 07 1818 1857 S 14 W 61 F    60      
1985 08 08 0401 0435 N 10 E 82 F    70      
1985 08 08 0454 0510 S 14 W 70 F    96      
1985 08 08 0617 0635 S 15 W 70 F    20      
1985 08 08 0721 0728 S 17 W 70 F    48      
1985 08 08 0721 0727 S 19 W 70 F    87      
1985 08 08 0742 0758 S 17 W 70 N    96      
1985 08 08 0744 0800 S 11 W 69 N    56 C  54
1985 08 08 1018 1028 S 15 W 69 N    20      
1985 08 08 1242 1248 S 15 W 70 N    20      
1985 08 09 0735 0757 S 02 E 50 F            
1985 08 09 0755 0808 N 02 E 50 F    20      
1985 08 09 0751 0755 N 11 E 62 F    30      
1985 08 09 0754 0805 S 14 W 90 F    20      
1985 08 09 0825 0833 S 12 W 90 N            
1985 08 09 0834 0850 N 10 E 61 N    10      
1985 08 09 0834 0850 N 10 E 60 N    10      
1985 08 09 0842 0904 S 02 E 50 N            
1985 08 09 1015 1023 N 14 W 90 N            
1985 08 10 0638 0645 S 02 E 37 F            
1985 08 10 0640 0652 N 11 E 49 F            
1985 08 10 0802 0815 N 16 W 90 F            
1985 08 10 0810 0830 S 02 E 36 F            
1985 08 10 1026 1036 S 02 E 39 F    30      
1985 08 10 1042 1055 N 11 E 48 F            
1985 08 11 1600 1618 N 11 E 29 F    68      
1985 08 12 0649 0701 S 01 E 11 N    20      
1985 08 12 0933 0945 N 09 E 22 F            
1985 08 13 0313 0325 N 00 W 02 N   309      
1985 08 13 1954 2007 N 08 W 02 F    26      
1985 08 14 0241 0519 S 11 W 51 F    60      
1985 08 16 0856 0915 S 01 W 45 F    10      
1985 08 20 0320 0435 S 19 W 47 F   194      
1985 08 20 1415 1426 S 02 E 63 F    10      
1985 08 21 0913 0921 S 20 W 65 F    20      
1985 08 25 0208 0236 S 11 E 19 F    40      
1985 09 02 0958 1010 N 72 E 90 F            
1985 09 06 2256 2333 N 06 E 03 F    60      
1985 09 12 1123 1128 S 11 E 90 F    45      
1985 09 12 1123 1128 S 11 E 90 F            
1985 09 12 1418 1426 S 11 E 90 F            
1985 09 13 0735 0745 S 12 E 80 N    35 C  17
1985 09 13 0735 0745 S 14 E 81 F    14 C  17
1985 09 13 0807 0819 S 11 E 78 N    63      
1985 09 13 0828 0833 S 07 E 78 N    79      
1985 09 13 0833 0844 S 14 E 78 F    11      
1985 09 14 0920 0925 S 13 E 65 N    56      
1985 09 15 0729 0754 S 11 E 54 B   211 C  43
1985 09 15 0733 0757 S 11 E 53 B   209 C  43
1985 09 15 0729 0745 S 10 E 54 B   189      
1985 09 15 0742 0805 S 13 E 55 N            
1985 09 15 1549 1616 S 09 E 51 F    38      
1985 09 15 2308 2453 S 20 W 47 N    80      
1985 09 16 0007 0033 N 34 E 02 F    90      
1985 09 17 0156 0213 S 08 E 34 N    40      
1985 09 18 1256 1256 S 12 E 09 F            
1985 09 18 1307 1319 S 10 E 00 F    22      
1985 09 18 1307 1310 S 10 E 00 F            
1985 09 18 1319 1330 S 09 E 00 F    25      
1985 09 18 1601 1603 S 11 W 00 F            
1985 09 18 2109 2145 S 09 W 12 F    80      
1985 09 18 2211 2241 S 06 W 10 F    60      
1985 09 19 0136 0202 S 11 W 08 F    30      
1985 09 19 0136 0202 S 11 W 08 F    30      
1985 09 19 0948 0955 S 11 W 13 N    39      
1985 09 19 2139 2152 S 10 W 16 F    76      
1985 09 21 0924 0930 S 08 W 59 F    20      
1985 09 21 0945 0950 S 22 E 74 F            
1985 09 22 0124 0233 S 12 W 41 F    70      
1985 10 11 1411 1417 S 13 E 47 F    20      
1985 10 14 2110 2135 S 15 W 03 F    29      
1985 10 15 1141 1154 S 08 E 90 N    20      
1985 10 16 1747 1823 N 06 E 71 F    14      
1985 10 16 2204 2215 N 06 E 70 N    50      
1985 10 16 2243 2250 N 03 E 70 F    77      
1985 10 16 2344 2352 N 06 E 70 F    26      
1985 10 17 1017 1017 N 04 E 59 F            
1985 10 18 0936 0945 N 03 E 53 F    20      
1985 10 18 1045 1250 N 07 E 64 F    56      
1985 10 18 1914 1927 N 05 E 46 F    18      
1985 10 19 0459 0513 N 08 E 32 F   100      
1985 10 19 0808 0820 N 05 E 31 F    20      
1985 10 19 0935 1015 N 05 E 31 F    20      
1985 10 19 1207 1212 N 04 E 50 F    20      
1985 10 20 0701 0737 N 11 E 36 N    40      
1985 10 20 0855 0946 N 07 E 19 F    20      
1985 10 20 0920 0946 N 06 E 36 F    20      
1985 10 20 2100 2124 N 04 E 10 B   214      
1985 10 20 2100 2124 N 05 E 08 B   340      
1985 10 21 0302 0334 N 07 E 06 F   200      
1985 10 21 0500 0515 N 05 E 26 N   133      
1985 10 21 0505 0552 N 04 E 05 B   236      
1985 10 21 0505 0619 N 04 E 05 B   200      
1985 10 21 0559 0609 S 05 E 07 N    32      
1985 10 21 0600 0603 N 05 E 19 N    27      
1985 10 21 0848 0914 N 06 E 23 F    94      
1985 10 21 0927 0935 N 05 E 05 F    25      
1985 10 21 0939 0949 N 04 E 04 N    16      
1985 10 21 1220 1232 N 02 E 03 N    44      
1985 10 21 1220 1232 N 02 E 04 F    33      
1985 10 21 2229 2337 N 02 W 05 F    60      
1985 10 21 2311 2323 N 09 E 09 F    34      
1985 10 21 2311 2319 N 08 W 05 N    40      
1985 10 21 2355 2358 N 06 E 13 N   631      
1985 10 22 0146 0155 N 05 E 13 F    35      
1985 10 22 0059 0109 N 07 E 16 F    52      
1985 10 22 0415 0513 N 10 E 10 F    86      
1985 10 22 0342 0353 N 08 E 11 F    37      
1985 10 22 0318 0336 N 09 E 13 F    40 C  18
1985 10 22 0401 0414 N 07 E 03 F    27      
1985 10 22 0529 0544 N 07 E 13 F    60 C  11
1985 10 22 0749 0854 N 05 E 11 N   144 C  11
1985 10 22 0843 0848 N 05 E 10 N   110      
1985 10 22 0756 0850 N 03 E 12 F   107      
1985 10 22 0921 0940 N 08 W 06 F    64      
1985 10 22 0921 0945 N 06 W 06 F    75      
1985 10 22 1125 1142 N 06 E 10 N    40      
1985 10 22 1153 1210 N 05 E 09 N   120      
1985 10 22 1229 1306 N 05 E 09 B   140      
1985 10 22 1347 1423 N 06 E 08 F    30      
1985 10 22 1354 1404 N 08 W 09 B    70      
1985 10 22 1448 1510 N 03 W 09 F    10      
1985 10 22 1714 1723 N 04 W 14 N    89      
1985 10 22 1855 1904 N 05 E 06 N    36      
1985 10 22 2055 2103 N 05 W 17 N    70      
1985 10 23 0405 0415 N 08 W 12 N   102      
1985 10 23 0407 0415 N 06 W 13 N   126      
1985 10 23 1036 1108 N 06 W 10 N    40      
1985 10 23 1117 1128 N 03 W 04 N    30      
1985 10 23 1350 1356 N 04 W 06 F    30      
1985 10 23 1430 1545 N 06 W 13 B   400      
1985 10 23 1431 1534 N 07 W 17 B   250 C  66
1985 10 23 1906 1922 N 06 W 10 F    53      
1985 10 23 2102 2110 N 03 W 28 F    27      
1985 10 23 2158 2214 N 08 W 11 N    56      
1985 10 23 2210 2228 N 01 W 27 N    26      
1985 10 23 2229 2248 N 06 W 22 N    45      
1985 10 23 2244 2304 N 11 W 19 F    34      
1985 10 24 0001 0051 N 07 W 22 N   178 C  23
1985 10 24 0001 0043 N 07 W 22 N            
1985 10 24 0006 0040 N 06 W 23 N   134      
1985 10 24 0017 0107 N 08 W 17 F   224      
1985 10 24 0128 0133 N 02 W 14 F    63      
1985 10 24 0319 0338 N 05 W 28 F    85 C  13
1985 10 24 0321 0325 N 03 W 31 F    27      
1985 10 24 0351 0356 N 09 W 26 F    24      
1985 10 24 0321 0348 N 08 W 25 N    63 C  13
1985 10 24 0413 0421 N 09 W 21 F    24      
1985 10 24 0514 0520 N 06 W 25 N   177      
1985 10 24 0509 0525 N 10 W 27 N   155 C  13
1985 10 24 0640 0651 N 08 W 27 F    50      
1985 10 24 0658 0712 N 07 W 27 F    28      
1985 10 24 0827 0940 N 04 W 28 N            
1985 10 24 0836 0851 N 06 W 25 N   189      
1985 10 24 0820 0938 N 08 W 28 N   151 C  24
1985 10 24 1035 1052 N 02 W 18 N    84      
1985 10 24 1035 1052 N 02 W 19 F            
1985 10 24 1052 1124 N 08 W 29 F            
1985 10 24 1148 1212 N 06 W 28 N   100 C  65
1985 10 24 1320 1425 N 08 W 22 F    21      
1985 10 24 1414 1425 N 07 W 23 F    22      
1985 10 24 1605 1618 N 08 W 24 F    26      
1985 10 24 1741 1747 N 07 W 25 F    23      
1985 10 24 1955 2011 N 06 W 31 F    35      
1985 10 24 2235 2238 N 07 W 28 F    20      
1985 10 24 2313 2348 N 06 W 38 F    95      
1985 10 24 2327 2344 N 07 W 38 F    90      
1985 10 25 0051 0105 N 09 W 31 F   108      
1985 10 25 0140 0152 S 01 W 43 F    40      
1985 10 25 0230 0243 N 11 W 30 N    30      
1985 10 25 0405 0413 N 10 W 31 N    24      
1985 10 25 0907 0918 N 04 W 30 N    30      
1985 10 25 1050 1105 N 05 W 42 B   140      
1985 10 25 1205 1219 N 02 W 37 B    68      
1985 10 25 1205 1210 N 01 W 37 B    68      
1985 10 25 1551 1613 N 01 W 38 N    77 C  14
1985 10 25 2023 2045 S 01 W 54 B    40      
1985 10 25 2133 2156 S 01 W 55 F    80      
1985 10 25 2159 2224 S 01 W 55 N   100      
1985 10 26 0036 0109 N 06 W 32 F    61      
1985 10 26 0455 0548 N 06 W 58 N   216 M  18
1985 10 26 0455 0548 N 03 W 53 N   189      
1985 10 26 0838 0858 N 06 W 51 F    44      
1985 10 26 1935 1953 N 03 W 49 F    31      
1985 10 26 2053 2119 N 03 W 52 N    50      
1985 10 26 2111 2126 N 04 W 68 N    90      
1985 10 26 2329 2351 N 04 W 68 F    60      
1985 10 27 0055 0132 N 04 W 54 N    68      
1985 10 27 0055 0144 N 03 W 55 N    50      
1985 10 27 0118 0149 N 04 W 69 N    40      
1985 10 27 0212 0316 N 03 W 55 N    50      
1985 10 27 0344 0416 N 04 W 69 F    80      
1985 10 27 0510 0531 N 04 W 70 N   100      
1985 10 27 0707 0733 N 03 W 72 F            
1985 10 27 0725 0735 N 04 W 58 N    70      
1985 10 27 0725 0733 N 04 W 57 F            
1985 10 27 0751 0807 N 04 W 54 F   110      
1985 10 27 1432 1436 N 03 W 73 F            
1985 10 27 1451 1517 N 03 W 73 F    34      
1985 10 27 1553 1623 N 02 W 78 N    42      
1985 10 27 2235 2252 N 03 W 67 F    70      
1985 10 28 0323 0404 N 02 W 76 F    30      
1985 10 28 1612 1627 S 01 W 89 F    11 C  14
1985 10 29 0606 0615 N 02 W 90              
1985 11 07 1741 1803 N 14 W 52 F    25      
1985 11 08 0127 0151 N 10 W 59 N    60      
1985 11 08 0337 0418 N 13 W 59 F    43      
1985 11 08 0337 0440 N 11 W 59 N    60      
1985 11 08 1158 1210 N 15 W 62 F    30      
1985 11 08 2108 2113 N 14 W 66 F    15      
1985 11 11 0516 0527 S 11 E 52 F    32      
1985 11 11 0921 0945 S 10 E 48 F    32      
1985 11 11 0921 0945 S 10 E 49 F    34      
1985 11 12 0835 0910 S 09 E 34 N    56      
1985 11 13 1348 1358 S 09 E 60 F    30      
1985 11 13 1713 1735 S 07 E 57 N    46      
1985 11 14 0124 0242 S 09 E 53 F    64      
1985 11 14 1206 1210 S 09 E 45 F    20      
1985 11 14 1457 1504 N 04 E 50 F    10      
1985 11 15 0300 0348 S 09 E 38 N    94      
1985 11 15 0329 0337 S 10 E 37 F    27      
1985 11 15 1930 2004 S 03 E 26 F    60      
1985 11 16 0516 0644 N 07 E 31 N   140      
1985 11 17 2121 2151 S 09 W 06 F   120      
1985 11 19 0547 0632 S 02 W 02 N   126      
1985 11 20 1637 1656 N 02 W 10 F    21      
1985 12 02 1240 1245 S 04 E 79 F    56      
1985 12 06 0827 0925 N 25 W 33 F    40      
1985 12 06 1005 1045 N 25 W 34 F    40      
1985 12 10 0840 0850 N 01 E 73 N    39      
1985 12 10 1736 1752 N 00 E 67 F    26      
1985 12 11 0924 0929 N 03 E 65 F    20      
1985 12 11 1136 1153 N 08 E 50 F    30      
1985 12 11 1417 1440 N 03 E 60 N    50      
1985 12 11 2111 2138 N 05 E 55 N   176 C  11
1985 12 11 2115 2120 N 06 E 56 F    89 C  11
1985 12 11 2112 2150 N 06 E 56 B   280      
1985 12 12 0254 0307 N 03 E 45 B    63      
1985 12 12 0409 0424 N 05 E 50 F    47      
1985 12 12 0901 0916 N 06 E 40 F    18      
1985 12 12 1036 1200 N 04 E 41 B    50      
1985 12 12 1036 1200 N 04 E 41 B    50      
1985 12 12 2225 2304 N 04 E 40 F   220      
1985 12 13 2047 2155 N 02 E 18 N   140      
1985 12 14 0536 0543 N 06 E 16 F    26      
1985 12 14 1047 1057 N 01 E 20 F    20      
1985 12 14 1245 1316 N 03 E 10 N   111 C  19
1985 12 14 1245 1330 N 04 E 15 B   150      
1985 12 14 1354 1404 N 01 E 18 F    60      
1985 12 15 0600 0622 N 02 E 08 N    73 C  11
1985 12 15 0606 0621 N 03 E 08 N    28 C  11
1985 12 15 0807 0823 N 01 E 07 N   120      
1985 12 15 0912 0923 S 01 E 08 F    10      
1985 12 15 0955 1030 S 01 E 05 F    20      
1985 12 15 1136 1453 S 08 E 28 N    10      
1985 12 15 1151 1253 S 01 E 04 N   220      
1985 12 15 1457 1508 N 04 E 04 N    15      
1985 12 15 1457 1508 N 02 E 04 F    10      
1985 12 15 2138 2235 N 02 W 08 F    60      
1985 12 15 2216 2233 S 09 E 22 B    75 C  24
1985 12 16 0321 0344 S 08 E 17 B   150      
1985 12 16 0327 0352 S 08 E 18 N            
1985 12 16 0350 0404 S 08 E 18 N    38      
1985 12 16 0352 0358 S 06 E 18 F    37      
1985 12 16 0528 0557 S 10 E 15 N   216      
1985 12 16 0911 0940 S 08 E 14 F    40      
1985 12 16 0947 0955 N 01 W 09 F    10      
1985 12 16 1005 1057 S 08 E 13 F    10      
1985 12 16 1316 1339 S 10 E 13 F    13      
1985 12 16 1320 1340 S 10 E 11 F    20      
1985 12 16 1835 1849 S 08 E 09 F    33      
1985 12 16 2246 2258 S 08 E 06 F    52 C  11
1985 12 16 2246 2255 S 09 E 06 F    35 C  11
1985 12 16 2343 2415 S 06 E 08 N    30      
1985 12 16 2344 2434 S 08 E 08 N            
1985 12 17 0316 0326 S 07 E 03 F    68      
1985 12 17 0407 0417 S 06 E 03 F    54      
1985 12 17 0513 0526 S 11 E 02 F    50      
1985 12 17 0605 0620 S 09 E 02 N    80      
1985 12 17 1245 1258 S 09 E 03 F    20      
1985 12 17 2350 2433 S 01 W 35 F   120      
1985 12 18 1005 1051 N 05 W 42 N    79      
1985 12 18 1015 1055 N 07 W 39 N   169      
1985 12 18 0950 1025 N 03 W 42 N   112      
1985 12 18 2107 2114 N 03 W 39 F    76      
1985 12 19 0334 0339 S 11 W 30 F    80      
1985 12 20 1638 1651 N 00 W 65 F    13      
1985 12 20 1653 1710 N 01 W 66 F    38      
1985 12 21 0634 0648 S 08 W 57 F    28      
