1986 01 09 1024 1031 N 05 E 22 F    10      
1986 01 09 1214 1219 N 05 E 19 F    10      
1986 01 13 1030 1037 S 12 W 43 N    89      
1986 01 13 1029 1036 S 13 W 42 F    32      
1986 01 13 0914 1035 S 10 W 44 N    60      
1986 01 13 1129 1326 S 13 W 44 N   108      
1986 01 13 2013 2026 S 09 W 52 N    70      
1986 01 13 2113 2135 S 10 W 50 F    36      
1986 01 13 2203 2313 S 09 W 52 F    32      
1986 01 13 2203 2313 S 09 W 51 F    35      
1986 01 14 0307 0316 S 08 W 53 F    18      
1986 01 14 0629 0630 S 11 W 57 B   147      
1986 01 14 0609 0622 S 08 W 56 F    23      
1986 01 14 0721 0730 S 10 W 58 N    50      
1986 01 14 0739 0749 S 10 W 67 N    93      
1986 01 14 0859 0930 S 10 W 60 F    60      
1986 01 14 1004 1011 S 11 W 59 F            
1986 01 14 1051 1055 S 11 W 59 F            
1986 01 14 1115 1118 S 11 W 59 F            
1986 01 14 1150 1202 S 13 W 58 F            
1986 01 14 1218 1226 S 12 W 57 F            
1986 01 14 1342 1358 S 13 W 58 F            
1986 01 14 1507 1545 S 14 W 60 N   134 C  31
1986 01 14 2212 2224 S 10 W 69 B    60      
1986 01 14 2315 2318 S 11 W 67 F    33      
1986 01 14 2313 2323 S 08 W 65 F    39      
1986 01 15 0132 0149 S 09 W 67 F    35      
1986 01 15 0215 0217 S 10 W 68 N    63      
1986 01 15 0359 0416 S 10 W 68 N    45      
1986 01 15 0359 0415 S 12 W 70 N    55      
1986 01 15 0659 0719 S 12 W 73 N            
1986 01 15 0743 0827 S 12 W 73 N   131      
1986 01 15 0704 0748 S 12 W 71 N    93      
1986 01 15 0809 0858 S 10 W 73 F    50      
1986 01 15 1009 1020 S 10 W 74 B    30      
1986 01 15 1228 1244 S 10 W 75 N    30      
1986 01 15 1258 1305 S 10 W 75 F    20      
1986 01 15 1317 1359 S 11 W 72 F    27 C  20
1986 01 15 1342 1347 S 11 W 71 F    13 C  20
1986 01 15 1313 1420 S 10 W 75 N    50      
1986 01 15 1450 1539 S 10 W 75 N    60      
1986 01 15 1645 1655 S 13 W 73 F    10      
1986 01 15 2148 2159 S 12 W 72 F    14 C  46
1986 01 15 2235 2237 S 12 W 72 F    14      
1986 01 16 0237 0248 S 09 W 89 F    21      
1986 01 16 0439 0452 S 09 W 84 N    38      
1986 01 16 0738 0754 S 10 W 88 N    55      
1986 01 16 0749 0754 S 10 W 84 N    38      
1986 01 16 0838 0850 S 10 W 90 N    20      
1986 01 16 0932 1000 S 10 W 90 N    30      
1986 01 16 1052 1110 S 10 W 90 F    20      
1986 01 16 1609 1621 S 10 W 86 F    20 M  66
1986 01 16 1616 1623 S 09 W 86 F    18 M  66
1986 01 16 1837 1914 S 12 W 88 N    35 M  13
1986 01 16 2244 2249 S 09 W 91 F    11      
1986 01 17 0517 0526 S 10 W 84 N    21      
1986 01 17 0603 0617 S 10 W 84 N    55      
1986 01 21 1010 1045 N 27 E 75 N            
1986 01 26 1803 1809 S 30 E 16 F    23      
1986 01 31 1301 1308 S 08 E 70 N    66      
1986 01 31 1956 2031 S 08 E 67 F    51      
1986 01 31 2051 2135 S 04 E 65 N   180      
1986 01 31 2151 2223 S 05 E 64 F    40      
1986 01 31 2321 2342 S 09 E 62 F    14      
1986 02 01 0022 0038 S 09 E 62 F   229      
1986 02 01 0751 0811 S 10 E 60 N    21      
1986 02 01 1000 1028 S 07 E 55 N    45      
1986 02 01 1000 1015 S 06 E 57 N    45      
1986 02 01 1953 2026 S 11 E 53 B    32      
1986 02 01 1953 2035 S 11 E 53 B    39      
1986 02 01 2326 2342 S 05 E 53 N    60      
1986 02 02 0014 0032 S 07 E 47 N    42      
1986 02 02 0314 0317 S 09 E 48 F    46      
1986 02 02 0340 0404 S 07 E 52 N    41      
1986 02 02 0340 0408 S 05 E 50 N    50      
1986 02 02 0538 0542 S 05 E 51 F    20      
1986 02 02 0636 0703 S 07 E 45 N   108      
1986 02 02 0607 0619 S 07 E 45 N   129      
1986 02 02 0820 0820 S 06 E 46 B    56      
1986 02 02 1120 1130 S 06 E 44 B   112      
1986 02 02 1946 2101 S 10 E 49 F    20 C  30
1986 02 03 0413 0507 S 04 W 49 N    84      
1986 02 03 0430 0437 N 00 E 86 B    32      
1986 02 03 0430 0437 N 02 E 86 N    23      
1986 02 03 0828 0850 S 05 E 36 F    59      
1986 02 03 1400 1409 S 06 E 31 N    43      
1986 02 03 1804 1811 S 06 E 29 F    26 C  10
1986 02 03 1804 1848 S 09 E 31 N    36 C  10
1986 02 03 1844 1856 S 03 W 55 F    30      
1986 02 03 2037 2240 S 09 E 26 B   365 M  23
1986 02 03 2039 2304 S 09 E 26 B   278 M  23
1986 02 03 2111 2139 S 11 E 31 B   487      
1986 02 04 0303 0318 S 04 E 24 F    43      
1986 02 04 0330 0338 S 06 E 23 N    42      
1986 02 04 0434 0444 S 07 E 25 N    21      
1986 02 04 0517 0538 S 06 E 23 N    53      
1986 02 04 0520 0545 S 07 E 22 N    56      
1986 02 04 0526 0536 S 03 E 23 F    28      
1986 02 04 0649 0713 S 07 E 22 F    35 C  19
1986 02 04 0735 0837 S 03 E 21 B  1589 X  30
1986 02 04 0736 0831 S 06 E 22 N  2439      
1986 02 04 0756 0813 S 03 E 21 N            
1986 02 04 1024 1051 S 04 E 68 N   250      
1986 02 04 1026 1044 S 04 E 65 B            
1986 02 04 1142 1201 S 02 E 67 F   442      
1986 02 05 0118 0141 S 07 E 13 N   200      
1986 02 05 0051 0113 S 06 E 11 F    32 C  39
1986 02 05 0047 0101 S 08 E 11 F   269      
1986 02 05 0422 0426 S 07 E 07 N   147      
1986 02 05 0545 0557 S 06 E 06 N   258      
1986 02 05 0607 0623 N 01 E 58 F    26      
1986 02 05 0622 0628 S 09 E 10 N    87      
1986 02 05 0726 0746 N 02 E 53 F    24      
1986 02 05 0934 0952 S 03 E 53 N            
1986 02 05 0937 0954 S 06 E 05 N   158 C  19
1986 02 05 0958 1004 S 03 E 05 F    64      
1986 02 05 0939 0954 S 04 E 06 F    47 C  19
1986 02 05 1234 1335 S 06 E 04 N   550      
1986 02 05 1929 1932 S 10 E 04 F    25      
1986 02 05 2143 2215 S 08 W 03 F   101      
1986 02 05 2254 2259 S 01 E 48 F    32      
1986 02 05 2316 2325 S 04 W 03 F    48      
1986 02 05 2316 2328 S 06 W 03 F    61      
1986 02 05 2333 2342 S 03 W 05 F    23      
1986 02 05 2341 2359 S 07 W 07 N            
1986 02 06 0058 0103 N 00 E 42 F    23      
1986 02 06 0112 0117 S 08 W 02 F   314      
1986 02 06 0117 0132 S 02 E 40 N    87      
1986 02 06 0117 0123 S 03 E 38 F   152      
1986 02 06 0117 0134 N 00 E 41 F    65      
1986 02 06 0225 0229 S 05 W 06 N   250      
1986 02 06 0212 0246 S 04 W 04 N   105 C  18
1986 02 06 0211 0244 S 07 W 05 F   475      
1986 02 06 0335 0355 S 08 W 06 F    25 C  19
1986 02 06 0354 0422 S 05 W 08 N            
1986 02 06 0531 0541 S 07 W 02 N   110 C  17
1986 02 06 0618 0736 S 07 W 06 B  2061 X  17
1986 02 06 0618 0653 S 09 W 08 B  1294      
1986 02 06 0657 0730 S 06 W 07 N  1262      
1986 02 06 0809 0824 S 08 W 03 B   100      
1986 02 06 1357 1524 S 10 W 12 N    67      
1986 02 06 1357 1548 S 10 W 12 B   103      
1986 02 06 1425 1440 S 03 W 90 N    40      
1986 02 06 1425 1445 S 02 W 90 N    40      
1986 02 06 1833 1841 S 03 E 35 F    27      
1986 02 06 1919 1934 S 12 W 12 N   102 C  16
1986 02 06 1920 1942 S 13 W 13 N   145 C  16
1986 02 06 2026 2034 S 11 W 14 N   120      
1986 02 06 2006 2014 S 05 W 15 F   120      
1986 02 06 2122 2212 S 11 W 13 F   140      
1986 02 07 0010 0034 S 04 W 07 F   190      
1986 02 07 0133 0151 S 09 W 16 F   107      
1986 02 07 0326 0344 S 10 W 16 N   127 C  22
1986 02 07 0326 0345 S 11 W 17 N   114 C  22
1986 02 07 0523 0533 S 09 W 18 N    87      
1986 02 07 0651 0659 S 12 W 22 N    87      
1986 02 07 0727 0802 N 01 E 25 F   192      
1986 02 07 0728 0858 S 11 W 19 N   201      
1986 02 07 0729 0758 S 08 W 18 F    55      
1986 02 07 0820 0830 S 12 W 21 B    84      
1986 02 07 1011 1242 S 11 W 21 B  1139 M  52
1986 02 07 1105 1105 S 13 W 22 B  1012      
1986 02 07 1014 1035 S 09 W 20 B   859 M  52
1986 02 07 0953 1130 S 10 W 24 N  1264      
1986 02 07 2124 2130 S 01 E 16 F    36      
1986 02 07 2256 2308 N 00 E 09 F    32      
1986 02 07 2326 2338 S 08 W 27 N    72 C  11
1986 02 07 2329 2337 S 08 W 27 F    69 C  11
1986 02 08 0241 0245 S 08 W 29 F    27      
1986 02 08 0359 0409 S 00 E 08 N   168      
1986 02 08 0413 0447 S 06 W 37 N    84      
1986 02 08 0415 0500 S 05 W 35 N   126      
1986 02 08 0455 0501 S 12 W 35 N    63      
1986 02 08 0557 0610 S 05 W 36 N    56      
1986 02 08 0558 0610 S 06 W 37 N    84      
1986 02 08 0606 0650 S 04 E 11 N   168      
1986 02 08 0616 0645 S 01 E 12 F   271      
1986 02 08 0611 0627 S 03 E 12 N            
1986 02 08 0609 0652 S 00 E 12 F   284      
1986 02 08 1014 1023 S 04 E 10 F    30      
1986 02 08 1025 1034 S 06 W 37 F    10      
1986 02 08 1356 1407 S 06 W 39 F    30      
1986 02 08 1630 1715 S 10 W 37 F    26      
1986 02 08 1917 1928 S 10 W 38 F    20      
1986 02 08 1917 1924 S 10 W 38 F    18      
1986 02 08 1935 1943 S 01 E 01 F    50      
1986 02 08 2028 2033 S 02 E 02 F    25      
1986 02 08 2030 2041 S 12 W 40 F    19      
1986 02 08 2224 2236 S 08 W 45 N    30      
1986 02 08 2327 2332 S 05 W 40 F    18      
1986 02 09 0120 0131 S 01 E 00 N    80      
1986 02 09 0120 0134 S 01 W 00 F   134      
1986 02 09 0122 0128 S 07 W 44 N    20      
1986 02 09 0215 0225 S 13 W 45 F    20      
1986 02 09 0929 0943 S 04 W 46 F    44      
1986 02 09 1225 1230 S 06 W 48 B    28      
1986 02 10 0038 0049 N 01 W 13 N   160      
1986 02 10 0053 0131 S 01 W 13 F    44      
1986 02 10 0053 0156 S 04 W 14 F    60      
1986 02 10 0231 0231 S 08 W 02 N   102      
1986 02 10 0249 0258 S 01 W 16 F    30      
1986 02 10 0511 0514 N 01 W 20 F    22      
1986 02 10 0533 0540 N 01 W 15 F    31      
1986 02 10 0657 0751 S 01 W 19 N   240      
1986 02 10 0702 0800 S 02 W 19 F   166      
1986 02 10 0708 0821 N 01 W 18 N   195 C  52
1986 02 10 0709 0813 S 02 W 20 N   191      
1986 02 10 0946 0956 S 07 W 59 F    48      
1986 02 10 1003 1008 N 01 W 23 F    29      
1986 02 10 1147 1234 S 06 W 62 B   119 C  34
1986 02 10 1147 1235 S 06 W 66 B   111 C  34
1986 02 10 1603 1615 S 09 W 64 N    58      
1986 02 10 2026 2056 S 01 W 31 B            
1986 02 10 2022 2126 N 03 W 32 N   160      
1986 02 10 2154 2219 S 01 W 33 N    80      
1986 02 11 0040 0051 S 01 W 27 F   340      
1986 02 11 0058 0115 S 04 W 69 N   134      
1986 02 11 0058 0118 S 04 W 70 N   224      
1986 02 11 0100 0117 S 01 W 27 F   296      
1986 02 11 0329 0432 S 01 W 30 N   498 M  11
1986 02 11 0330 0427 S 01 W 30 N   236      
1986 02 11 0332 0440 N 00 W 30 N   189      
1986 02 11 0402 0431 S 03 W 29 F   379      
1986 02 11 0450 0509 S 00 W 29 F    24      
1986 02 11 0615 0726 N 01 W 37 N   210      
1986 02 11 0816 0840 S 01 W 39 F    20      
1986 02 11 0854 0900 N 02 W 37 F    25 C  11
1986 02 11 0923 0934 N 01 W 39 F    30      
1986 02 11 1015 1040 S 01 W 39 F    40      
1986 02 11 1055 1103 N 01 W 40 F    30      
1986 02 11 1109 1132 N 01 W 40 F    20      
1986 02 11 1357 1412 S 03 W 36 F    20      
1986 02 11 1546 1553 N 01 W 42 F    40      
1986 02 11 2154 2231 S 06 W 80 F    59      
1986 02 11 2224 2246 S 01 W 50 N    40      
1986 02 11 2254 2422 S 02 W 44 N   150 M  10
1986 02 11 2340 2350 S 01 W 46 N   161      
1986 02 12 0026 0033 N 01 W 48 F    59      
1986 02 12 0027 0036 N 03 W 49 F    29      
1986 02 12 0110 0136 S 03 W 52 F    80      
1986 02 12 0249 0307 N 02 W 50 F    50 C  16
1986 02 12 0304 0310 N 03 W 49 F    31 C  16
1986 02 12 0407 0411 N 01 W 52 N    23      
1986 02 12 0507 0514 N 01 W 52 F    39      
1986 02 12 0534 0552 N 02 W 52 N    83      
1986 02 12 0534 0552 N 02 W 52 N   147      
1986 02 12 0704 0709 N 03 W 51 F    25      
1986 02 12 0910 0918 N 01 W 52 N            
1986 02 12 0911 0921 N 01 W 53 B   100      
1986 02 12 0953 1001 N 02 W 53 N    63      
1986 02 12 0957 1000 N 01 W 53 F            
1986 02 12 0955 1001 N 03 W 52 F    26      
1986 02 12 1039 1051 N 01 W 53 N   100      
1986 02 12 1040 1045 N 03 W 52 F    32      
1986 02 12 1042 1053 N 03 W 55 N            
1986 02 12 1100 1108 N 02 W 55 N            
1986 02 12 1059 1110 N 03 W 53 N    64      
1986 02 12 1155 1200 N 03 W 55 F            
1986 02 12 1121 1136 N 02 W 55 F    20      
1986 02 12 1215 1224 N 02 W 52 N    20      
1986 02 12 1215 1224 N 02 W 56 N    20      
1986 02 12 1236 1242 N 02 W 56 F    20      
1986 02 12 1351 1425 S 01 W 53 B    62 C  21
1986 02 12 1309 1335 N 02 W 57 F    30      
1986 02 12 1451 1504 S 02 W 59 F    20      
1986 02 12 2129 2139 N 02 W 62 F   114      
1986 02 12 2205 2222 N 01 W 64 N   160      
1986 02 13 0233 0242 S 02 W 57 N    88      
1986 02 13 0234 0240 S 01 W 54 F    55      
1986 02 13 0246 0252 N 05 W 64 N   210 M  10
1986 02 13 0240 0314 N 01 W 68 N   140      
1986 02 13 0316 0332 N 02 W 61 F    31      
1986 02 13 0354 0359 N 02 W 63 F    23      
1986 02 13 0451 0502 N 02 W 66 N   124      
1986 02 13 0454 0502 N 05 W 64 N   168      
1986 02 13 0735 0800 N 01 W 68 B    28      
1986 02 13 0710 0721 N 03 W 65 F    24      
1986 02 13 0830 0840 S 00 W 64 N    54      
1986 02 13 0834 0845 N 03 W 69 F    79      
1986 02 13 1017 1022 S 01 W 58 F            
1986 02 13 1717 1732 S 03 W 65 B    63 C  20
1986 02 13 1719 1723 S 03 W 65 B    50 C  20
1986 02 13 1933 1935 N 01 W 70 F    16      
1986 02 13 2315 2319 S 03 W 68 N    60 C  51
1986 02 13 2317 2324 S 05 W 71 N    50      
1986 02 13 2340 2351 N 02 W 78 F   251      
1986 02 14 0002 0007 S 03 W 67 F   108      
1986 02 14 0039 0051 S 04 W 68 F    54      
1986 02 14 0039 0054 S 05 W 71 F    40      
1986 02 14 0301 0306 N 04 W 76 F    15      
1986 02 14 0810 0831 N 02 W 85 F   114      
1986 02 14 0909 1010 N 00 W 78 N   258 M  64
1986 02 14 0909 1040 N 03 W 82 B   700      
1986 02 14 0915 1021 S 01 W 76 N            
1986 02 14 1545 1600 S 01 W 79 B    84 C  58
1986 02 14 1545 1549 S 03 W 78 B    79 C  58
1986 02 14 2038 2052 N 00 W 86 B    40 C  35
1986 02 14 2254 2307 S 02 W 85 F    20      
1986 02 15 0402 0413 S 02 W 82 N   288      
1986 02 15 0458 0517 S 02 W 84 N   147      
1986 02 15 0838 0851 S 02 W 82 N   111 C  57
1986 02 15 0838 0853 S 02 W 82 N   172      
1986 02 15 0950 0955 S 02 W 83 N    27 C  74
1986 02 22 0227 0252 N 03 E 50 F    40      
1986 03 01 0142 0145 S 01 E 80 F    12      
1986 03 01 0450 0456 N 05 E 80 F    24      
1986 03 01 0640 0650 N 03 E 78 N    29      
1986 03 01 0703 0709 N 02 E 79 F    24      
1986 03 01 0739 0750 S 01 E 76 F    65      
1986 03 01 0756 0800 N 03 E 76 F    16      
1986 03 01 1531 1536 S 01 E 70 F    17      
1986 03 01 1549 1640 N 02 E 71 N    50 C  17
1986 03 01 1857 1915 S 00 E 69 F    15      
1986 03 01 2004 2011 S 01 E 70 F    26      
1986 03 01 2157 2220 N 01 E 67 F    16      
1986 03 01 2222 2306 N 01 E 68 F    29      
1986 03 02 0540 0558 S 02 E 62 B   352      
1986 03 02 0600 0611 S 04 E 63 F    87      
1986 03 02 1509 1518 N 02 E 57 F    16      
1986 03 02 1743 1749 S 01 E 59 F    36      
1986 03 02 1950 2014 S 01 E 57 F    65      
1986 03 02 2043 2112 N 01 E 54 N    72 C  43
1986 03 02 2049 2136 N 03 E 51 B    70      
1986 03 03 0458 0510 S 01 E 52 N   163 C  75
1986 03 03 0500 0512 N 01 E 52 B   185 C  75
1986 03 03 1255 1310 S 03 E 46 B   212      
1986 03 03 1255 1310 S 03 E 45 B   225      
1986 03 03 1422 1434 N 02 E 48 N   194      
1986 03 03 2027 2105 S 02 E 43 N    90      
1986 03 03 2121 2135 S 01 E 41 F    80      
1986 03 03 2338 2348 N 00 E 41 F    29      
1986 03 04 0447 0451 N 01 E 38 F    53      
1986 03 04 0554 0601 S 02 E 37 N    88      
1986 03 04 0720 0726 S 00 E 36 F    56      
1986 03 04 0720 0726 N 01 E 36 F    31      
1986 03 04 0948 0956 N 02 E 30 F    40      
1986 03 04 0955 1028 S 02 E 34 F            
1986 03 04 0945 1002 N 03 W 30 F    20      
1986 03 04 1930 2007 N 01 E 28 F    28      
1986 03 04 2251 2321 N 01 E 30 F    31      
1986 03 05 0427 0448 N 04 E 23 N   122 C  12
1986 03 05 0427 0500 N 04 E 24 N   113 C  12
1986 03 05 0707 0804 N 05 E 27 N    96      
1986 03 05 0703 0759 N 04 E 26 B   375      
1986 03 05 0708 0759 N 03 E 20 B   260      
1986 03 05 0939 0950 N 01 E 19 N    30      
1986 03 05 1400 1415 N 02 E 20 B    30      
1986 03 05 1948 1958 N 00 E 14 F    48      
1986 03 06 0051 0057 N 00 E 15 F    68      
1986 03 06 0246 0305 N 01 E 15 F    44      
1986 03 06 0412 0434 N 01 E 09 N   296      
1986 03 06 0420 0430 S 01 E 09 N   318      
1986 03 06 0412 0446 N 02 E 09 B   160      
1986 03 06 0513 0621 N 03 E 13 F  1149      
1986 03 06 0900 0914 N 02 E 11 B    76      
1986 03 06 0910 0915 N 02 E 11 B    56      
1986 03 06 1637 1757 N 02 E 01 F   287 C  46
1986 03 07 0000 0018 N 04 W 03 N    60      
1986 03 07 0129 0132 S 02 W 03 N    28      
1986 03 07 0129 0132 S 04 W 01 N    36      
1986 03 07 0159 0215 S 00 W 04 N   179      
1986 03 07 0200 0217 S 01 W 04 B   183 C  41
1986 03 07 0202 0212 S 01 W 04 N            
1986 03 07 0943 0948 S 02 W 09 F    19      
1986 03 07 1253 1303 S 03 W 12 N    48      
1986 03 07 2355 2358 S 01 W 10 F    26      
1986 03 09 0112 0122 N 02 W 24 F    22      
1986 03 09 0112 0123 N 03 W 24 F    24      
1986 03 09 0957 1015 N 05 W 30 F            
1986 03 10 1412 1431 N 00 W 44 N    29      
1986 03 12 0835 0850 N 03 W 65 N    19      
1986 03 29 1101 1108 N 04 W 08 F    10      
1986 03 29 1201 1214 N 04 W 08 B    70      
1986 03 31 2203 2238 N 01 W 41 N    40      
1986 04 01 0137 0226 N 11 W 44 N    90      
1986 04 08 0227 0253 S 09 E 74 F   100      
1986 04 10 0156 0234 S 09 E 51 N    60      
1986 04 11 0641 0658 S 13 E 45 F   131      
1986 04 12 0550 0622 S 13 E 32 F   131      
1986 04 14 1040 1048 S 12 W 01 F            
1986 04 20 2117 2125 N 02 W 06 N    80      
1986 04 21 1511 1536 S 00 W 10 N    54      
1986 04 21 1511 1542 S 01 W 11 N    76      
1986 04 23 0004 0019 N 02 E 22 F    25      
1986 04 23 0151 0150 N 03 E 21 N    59      
1986 04 23 0139 0142 N 04 E 21 N    96      
1986 04 23 0357 0406 N 03 E 21 F    20      
1986 04 23 0510 0522 N 05 E 17 N    45      
1986 04 23 1248 1255 N 03 E 15 F    24      
1986 04 23 1403 1414 N 02 E 12 B    91      
1986 04 23 1521 1540 N 02 E 12 N    41      
1986 04 23 1524 1547 N 02 E 12 F    31      
1986 04 23 1711 1722 N 02 E 13 F    40      
1986 04 23 1711 1720 N 02 E 12 N    53      
1986 04 23 2030 2039 N 03 E 10 N    21      
1986 04 23 2043 2055 N 02 E 10 F    25      
1986 04 23 2228 2249 N 03 E 13 F    35      
1986 04 23 2302 2310 N 03 E 11 F    44      
1986 04 23 2303 2345 N 03 E 08 N    42      
1986 04 23 2352      N 02 E 07 N    21      
1986 04 24 0034 0114 N 02 E 07 N   278 M  11
1986 04 24 0037 0112 N 01 E 08 N   278      
1986 04 24 0045 0046 N 03 E 07 N   320      
1986 04 24 0159 0203 N 03 E 07 F            
1986 04 24 0318 0333 N 03 E 06 F            
1986 04 24 0341 0439 N 02 E 06 B   256 M  12
1986 04 24 0355 0422 N 03 E 08 F    85 M  11
1986 04 24 0420 0521 N 02 E 06 B   159      
1986 04 24 0346 0430 N 03 E 06 B   220      
1986 04 24 0341 0349 N 02 E 05 B   500      
1986 04 24 0625 0637 N 02 E 04 B   595      
1986 04 24 0609 0631 N 01 E 05 B   256      
1986 04 24 0607 0653 N 04 E 04 B   309 M  24
1986 04 24 0604 0706 N 03 E 05 B   450      
1986 04 24 0915 1015 N 03 E 02 B   169      
1986 04 24 1035 1102 N 07 E 35 F            
1986 04 24 1217 1250 N 06 E 35 B    76 C  21
1986 04 24 1217 1230 N 05 E 35 B    80      
1986 04 24 1417 1453 N 02 W 01 F   200      
1986 04 24 1404 1449 N 02 W 00 B   164 C  45
1986 04 24 1626 1640 N 03 W 02 F    33      
1986 04 24 1628 1639 N 03 W 03 F            
1986 04 24 1759 1804 N 02 W 04 F    40      
1986 04 24 2248 2253 N 07 E 31 F    41      
1986 04 25 0610 0620 N 02 W 09 N   132      
1986 04 25 0652 0702 N 02 W 08 F    87      
1986 04 25 1833 1906 N 03 W 18 F    54      
1986 04 26 0223 0237 N 02 W 19 B   158      
1986 04 26 0456 0515 N 06 W 20 F    53      
1986 04 26 0527 0531 N 05 W 23 F    87      
1986 04 26 0745 0754 N 05 W 25 F            
1986 04 26 0859 0907 N 06 E 12 F            
1986 04 26 1633 1726 N 03 W 28 B   240      
1986 04 26 1638 1719 N 02 W 26 N   160 C  62
1986 04 26 1635 1711 N 02 W 28 N    95 C  62
1986 04 26 1859 1904 N 02 W 29 F    25      
1986 04 27 0056 0112 N 05 W 34 N    48      
1986 04 27 0411 0422 N 05 W 35 F    25      
1986 04 27 0409 0423 N 01 W 34 F    54      
1986 04 28 0203 0231 S 02 W 45 F   130      
1986 04 28 0617 0626 N 05 W 49 F    18      
1986 04 28 0735 0745 N 03 W 51 F    87      
1986 04 29 0425 0435 N 04 W 60 F    14      
1986 04 30 0156 0324 S 04 W 75 F   160      
1986 04 30 0356 0552 S 04 W 75 F   200      
1986 04 30 0700 0716 S 00 W 73 F            
1986 04 30 0700 0714 S 04 W 70 F            
1986 04 30 0850 0859 N 03 W 76 F            
1986 04 30 0958 1015 N 03 W 76 F            
1986 04 30 1248 1306 N 07 W 44 F    10      
1986 04 30 2123 2130 N 06 W 48 F    25      
1986 04 30 2205 2219 N 04 W 54 F    60      
1986 05 01 0121 0131 N 02 W 54 F   100      
1986 05 01 0523 0549 N 07 W 55 N   116      
1986 05 01 0523 0555 N 09 W 55 N   157      
1986 05 01 0542 0615 N 07 W 55 N    28      
1986 05 01 0525 0540 N 07 W 53 N   201      
1986 05 01 0818 0830 N 06 W 56 N            
1986 05 01 0945 1008 N 05 W 58 N            
1986 05 02 0217 0237 N 08 W 63 B    45      
1986 05 02 0451 0552 N 09 W 70 F   221      
1986 05 02 0847 0915 N 05 W 71 N            
1986 05 02 1058 1144 N 04 W 65 N    28      
1986 05 02 1058 1144 N 04 W 65 F    25      
1986 05 02 1350 1417 N 06 W 66 F    68      
1986 05 02 1525 1535 N 06 W 67 N    30      
1986 05 03 1546 1602 N 09 W 79 F    55      
1986 05 03 1630 1642 N 07 W 61 F    22      
1986 05 03 1711 1715 N 07 W 61 F    30      
1986 05 03 1954 2009 N 05 W 68 N    27      
1986 05 03 2133 2138 N 08 W 76 F    29      
1986 05 13 0755 0813 N 02 E 03 F    20      
1986 05 16 0921 0931 S 32 W 18 N    68      
1986 05 16 0921 0932 S 32 W 18 F            
1986 05 16 1058 1107 N 03 E 66 F            
1986 05 17 0736 0755 N 04 E 54 F            
1986 05 17 0932 0942 N 05 E 48 N            
1986 05 17 0946 0958 N 05 E 46 F            
1986 05 17 1039 1050 N 04 E 54 F            
1986 05 17 1428 1548 N 04 E 55 F    20      
1986 05 19 1854 1902 N 05 E 72 F    11      
1986 05 19 1914 1932 N 05 E 72 F    14      
1986 05 20 1012 1028 N 04 E 09 F    20      
1986 05 20 1015 1025 N 03 E 08 F            
1986 05 20 1722 1728 N 07 E 62 F    17      
1986 05 20 1912 1920 N 05 E 53 N    39      
1986 05 20 1913 1919 N 05 E 53 N    28      
1986 05 20 1952 2006 N 07 E 59 F    19      
1986 05 20 2059 2104 N 05 E 52 F    17      
1986 05 21 0100 0110 N 08 E 48 F    40      
1986 05 21 0144 0149 N 07 E 48 N    45      
1986 05 21 0144 0150 N 08 E 48 N    60      
1986 05 21 0403 0424 N 09 E 47 N    60      
1986 05 21 0546 0608 N 09 E 47 F    40      
1986 05 21 1639 1704 N 02 E 25 F    10      
1986 05 22 0210 0214 N 08 E 41 F    38      
1986 05 22 0631 0644 N 05 E 36 F            
1986 05 22 0642 0646 N 04 E 35 F            
1986 05 23 1434 1442 N 06 E 22 F    30      
1986 05 24 0205 0310 N 08 E 16 N    21      
1986 05 24 0802 0814 N 10 E 13 F    10      
1986 05 24 1100 1113 N 06 E 02 F    10      
1986 05 24 1138 1152 N 06 E 02 F    10      
1986 05 24 1211 1230 N 07 E 01 F    10      
1986 05 25 0817 0827 N 07 W 07 N    45      
1986 05 25 0820 0828 N 08 W 06 N    24      
1986 05 25 1517 1531 N 07 W 08 N    49      
1986 05 25 1534 1600 N 09 W 10 N            
1986 05 25 2155 2205 N 07 W 13 N    91      
1986 05 25 2155 2201 N 09 W 14 N   116      
1986 05 25 2214 2232 N 06 W 14 F    32      
1986 05 25 2214 2235 N 06 W 11 F    23      
1986 05 25 2304 2330 N 07 W 16 F    90      
1986 05 25 2359 2402 N 09 W 13 F    25      
1986 05 26 0016 0044 N 08 W 17 N    76      
1986 05 26 0024 0045 N 07 W 16 N   140      
1986 05 26 0249 0314 N 08 W 18 N   105      
1986 05 26 0255 0313 N 08 W 17 N    68      
1986 05 26 0746 0804 N 09 W 17 N    67      
1986 05 26 0749 0804 N 10 W 17 F            
1986 05 26 0907 0912 N 05 W 38 F            
1986 05 26 0943 0948 N 08 W 21 F            
1986 05 26 1636 1651 N 08 W 24 F    40      
1986 05 26 1643 1651 N 09 W 26 F            
1986 05 26 1824 1840 N 07 W 27 F    60      
1986 05 27 0313 0329 S 01 W 03 N     8      
1986 05 27 0352 0430 N 08 W 33 F   162      
1986 05 27 0352 0430 N 08 W 33 F            
1986 05 27 0700 0718 N 07 W 36 F            
1986 05 27 1155 1204 N 07 W 33 F    20      
1986 05 27 1616 1630 S 02 W 10 F    20      
1986 05 28 1358 1407 N 08 W 59 N    80      
1986 05 29 1217 1236 S 20 E 02 F    10      
1986 05 31 0633 0705 S 02 W 60 F    20      
1986 05 31 0902 0923 S 02 W 61 F    20      
1986 05 31 1407 1415 S 01 W 63 F    10      
1986 05 31 1558 1617 S 01 W 64 F    20      
1986 06 13 1027 1100 N 20 E 07 F    10      
1986 06 25 1621 1634 N 05 W 09 F    20      
1986 06 25 1652 1710 N 05 W 09 F    20      
1986 07 03 0948 1012 N 27 W 01 F            
1986 07 05 0705 0727 N 02 E 90 F    20      
1986 07 05 0801 0820 N 02 E 88 F    20      
1986 07 05 0900 0920 N 02 E 88 F            
1986 07 05 1020 1028 N 02 E 88 F            
1986 07 05 1045 1105 N 02 E 88 F            
1986 07 05 1709 1722 N 28 W 30 F    74      
1986 07 05 1710 1719 N 28 W 30 F    42      
1986 07 06 0745 0800 N 27 W 40 F            
1986 07 06 1025 1034 N 02 E 78 F            
1986 07 06 1045 1100 N 02 E 78 N   120      
1986 07 06 1315 1342 N 01 E 70 N    44      
1986 07 06 1847 1935 N 01 E 69 N    27      
1986 07 06 1938 1953 N 00 E 70 N    25      
1986 07 06 2050 2111 N 00 E 69 N    24      
1986 07 07 0156 0201 N 01 E 65 F    18      
1986 07 07 1437 1442 N 27 W 56 F    20      
1986 07 08 0834 0842 N 03 E 50 F    21      
1986 07 08 0834 0841 N 03 E 50 F            
1986 07 08 1023 1038 N 03 E 49 F            
1986 07 08 1534 1543 N 01 E 49 F    27      
1986 07 10 0313 0322 N 05 W 43 F    23      
1986 07 10 0711 0718 N 06 W 43 F    32      
1986 07 10 1807 1820 N 07 W 49 F    24      
1986 07 10 1843 1912 N 08 W 49 F    27      
1986 07 10 2006 2014 N 07 W 49 F    18      
1986 07 10 2022 2042 N 06 W 51 F    49      
1986 07 10 2022 2039 N 07 W 50 F    68      
1986 07 11 0311 0321 N 09 W 53 F    23      
1986 07 11 0450 0601 N 08 W 55 N    91 C  34
1986 07 11 0453 0540 N 06 W 54 B   239      
1986 07 11 1655 1705 N 06 W 63 F    29      
1986 07 12 0332 0350 N 00 W 04 F    40      
1986 07 12 0336 0344 N 01 W 03 F    21      
1986 07 12 0416 0438 N 03 W 69 N   100      
1986 07 12 0416 0421 N 07 W 65 F    29      
1986 07 12 0430 0506 S 01 W 03 N   144      
1986 07 12 0516 0545 N 06 W 73 N    63      
1986 07 12 0634 0642 N 03 W 41 F            
1986 07 12 0656 0702 N 06 W 70 F            
1986 07 12 0928 0933 N 03 W 42 F            
1986 07 12 1227 1244 S 02 W 13 N    32      
1986 07 12 1945 1951 N 07 W 70 F    24      
1986 07 12 1945 1951 N 08 W 68 F    26      
1986 07 13 0346 0358 N 08 W 68 F    34      
1986 07 13 0532 0550 N 05 W 85 F   131      
1986 07 13 0729 0748 N 01 W 16 F   131      
1986 07 13 0758 0810 N 06 W 85 F            
1986 07 13 0812 0850 N 07 W 90 F            
1986 07 13 0908 0956 N 07 W 84 N    80      
1986 07 13 0910 0935 N 08 W 85 B   113      
1986 07 13 1129 1140 N 08 W 83 N    42      
1986 07 13 1130 1140 N 09 W 85 N    56      
1986 07 14 0735 0743 S 01 W 34 F            
1986 07 15 1040 1040 N 08 E 80 N    84      
1986 07 19 0455 0520 N 06 E 26 N    92      
1986 07 19 0459 0508 N 06 E 26 F    25      
1986 07 20 1138 1146 N 09 E 13 N    50      
1986 07 28 1620 1647 N 08 E 71 N    50      
1986 07 28 1634 1646 N 07 E 71 N    37      
1986 07 28 1853 1857 N 07 E 69 F    34      
1986 07 28 1940 1948 N 10 E 67 F    12      
1986 07 28 2111 2124 N 10 E 66 F    14      
1986 07 28 2139 2146 N 10 E 66 F    21      
1986 07 28 2235 2252 N 08 E 69 F    23      
1986 07 28 2254 2302 N 08 E 68 F    28      
1986 07 28 2258 2302 N 07 E 70 F    22      
1986 07 29 0057 0110 N 10 E 66 F    19      
1986 07 29 0457 0500 N 09 E 65 F    18      
1986 07 29 0538 0543 N 09 E 65 N    33      
1986 07 29 0536 0542 N 05 E 63 N    32      
1986 07 29 0655 0740 N 07 E 63 N   112      
1986 07 29 0634 0704 N 06 E 62 F    30      
1986 07 29 0716 0729 N 09 E 62 F    33      
1986 07 29 0715 0730 N 06 E 62 B    50      
1986 07 29 0815 0824 N 09 E 64 F    10      
1986 07 29 0844 0858 N 10 E 57 B    30      
1986 07 29 0934 0956 N 06 E 61 N    20      
1986 07 29 1200 1215 N 10 E 60 B    57      
1986 07 29 1200 1210 N 10 E 60 N    84      
1986 07 29 1250 1345 N 06 E 59 F    20      
1986 07 29 2209 2213 N 07 E 53 F    27      
1986 07 29 2337 2354 N 09 E 55 N    65      
1986 07 29 2337 2358 N 12 E 54 N   100      
1986 07 30 0040 0051 N 10 E 54 N    64      
1986 07 30 0040 0159 N 11 E 53 F   100      
1986 07 30 1319 1340 N 06 E 57 F    10      
1986 07 30 1649 1659 N 06 E 55 B    20      
1986 07 31 1010 1015 N 07 E 31 F    56      
1986 07 31 1117 1140 N 06 E 47 N    10      
1986 08 01 1356 1404 N 09 E 18 F    28      
1986 08 01 1700 1740 N 10 E 16 F    52      
1986 08 01 1715 1730 N 10 E 16 F    63      
1986 08 01 1737 1748 N 09 E 15 F    37      
1986 08 03 1000 1005 N 07 W 10 N    56      
1986 08 03 1145 1205 N 08 W 11 N   169      
1986 08 03 1311 1314 N 07 W 12 F            
1986 08 03 2131 2152 N 07 W 15 F    72      
1986 08 03 2135 2155 N 07 W 16 F    92      
1986 08 04 1522 1534 N 09 W 25 F    84      
1986 08 04 2209 2232 N 11 W 26 F    72      
1986 08 04 2209 2238 N 11 W 25 F    94      
1986 08 05 0655 0709 N 07 W 36 F    87      
1986 08 05 0936 0945 N 08 W 38 F    30      
1986 08 06 0717 0726 N 08 W 51 F    20      
1986 08 08 1330 1355 N 08 W 75 F    20      
1986 09 06 1235 1247 N 27 E 32 F    22      
1986 09 06 1339 1349 N 28 E 44 F    45      
1986 09 06 1339 1350 N 29 E 44 F    45      
1986 09 06 1451 1513 N 29 E 44 F    18      
1986 09 06 1636 1651 N 28 E 43 N    20      
1986 09 06 1637 1651 N 29 E 43 N    20      
1986 09 07 0725 0750 N 28 E 35 N    56      
1986 09 07 1235 1246 N 28 E 33 F            
1986 09 08 0324 0333 N 27 E 37 F    85      
1986 09 08 0506 0525 N 30 E 22 F    87      
1986 09 08 0621 0712 N 30 E 24 F    56      
1986 09 08 0624 0738 N 28 E 23 F    43      
1986 09 08 0835 0843 N 24 E 23 F            
1986 09 08 1040 1040 N 28 E 24 N    28      
1986 09 08 1643 1655 N 30 E 20 B    68 C  26
1986 09 08 1643 1655 N 30 E 20 B    69 C  26
1986 09 08 1810 1816 N 30 E 20 F    57      
1986 09 14 1211 1221 N 02 W 76 F    84      
1986 09 14 1211 1221 N 02 W 76 F            
1986 10 01 1732 1755 N 08 E 56 F    28      
1986 10 02 1242 1246 N 33 E 52 F    19      
1986 10 02 1408 1415 N 32 E 51 F            
1986 10 03 2318 2334 N 05 E 25 F    40      
1986 10 06 0830 0840 N 34 E 04 N   172      
1986 10 06 0946 1018 N 34 E 03 N    80      
1986 10 06 0946 1002 N 34 E 03 F            
1986 10 06 1020 1031 N 34 E 03 F            
1986 10 06 1531 1547 S 04 E 11 F    49      
1986 10 07 1128 1150 N 35 W 10 F    10      
1986 10 07 1202 1220 N 35 W 10 F    10      
1986 10 07 1646 1701 N 06 W 26 F    44      
1986 10 07 1646 1702 N 06 W 26 F    54      
1986 10 07 2215 2234 N 35 W 16 F    83      
1986 10 08 0703 0757 N 34 W 20 F    20      
1986 10 09 0730 0730 N 36 W 35 N    84      
1986 10 09 0808 0849 S 04 W 23 F    60      
1986 10 09 0957 1015 S 05 W 24 F    10      
1986 10 09 1151 1157 S 04 W 22 F            
1986 10 09 1336 1352 N 34 W 40 F    20      
1986 10 11 0531 0548 N 35 W 57 F    28      
1986 10 11 0849 0916 N 34 W 58 F    20      
1986 10 11 1327 1359 S 01 W 63 F    13      
1986 10 11 1404 1418 N 34 W 65 F    19      
1986 10 11 1405 1417 N 33 W 65 F            
1986 10 12 1102 1109 S 04 W 69 F    15      
1986 10 12 1113 1119 S 03 W 68 F    26      
1986 10 12 1149 1206 S 04 W 71 F    19      
1986 10 12 1210 1221 S 03 W 71 F    14      
1986 10 12 1647 1704 S 04 W 73 F    40      
1986 10 13 0009 0014 S 04 W 76 F    12 C  11
1986 10 13 0429 0432 S 03 W 84 F    16      
1986 10 13 0918 0923 N 35 W 88 F            
1986 10 13 1723 1730 S 04 W 90 F    15      
1986 10 13 1721 1730 S 04 W 90 F            
1986 10 15 1141 1157 N 25 E 90 F            
1986 10 16 0840 0850 N 30 E 90 B            
1986 10 16 1124 1136 N 16 E 90 F            
1986 10 16 1140 1148 N 16 E 90 F            
1986 10 16 2223 2234 N 24 E 82 F    53      
1986 10 17 0013 0018 N 24 E 73 F    39      
1986 10 17 1010 1015 N 19 E 80 F            
1986 10 17 1125 1132 N 23 E 85 F            
1986 10 17 1328 1335 N 20 E 72 N            
1986 10 17 1540 1608 N 21 E 72 N    31      
1986 10 17 1622 1648 N 22 E 73 F    36      
1986 10 17 1745 1751 N 24 E 71 N    24      
1986 10 17 1804 1832 N 24 E 71 F    50      
1986 10 17 1814 1827 N 24 E 71 F    57      
1986 10 17 1840 1853 N 24 E 71 F    27      
1986 10 17 1858 1905 N 27 E 82 F    17      
1986 10 17 1958 2001 N 21 E 71 N    39      
1986 10 17 2043 2050 N 23 E 74 N    34      
1986 10 17 2043 2049 N 23 E 73 N    35      
1986 10 17 2253 2258 N 24 E 71 F    11      
1986 10 17 2317 2327 N 22 E 73 F    11      
1986 10 18 0012 0017 N 22 E 69 F    38 C  20
1986 10 18 0022 0031 N 20 E 70 N   215      
1986 10 18 0029 0039 N 21 E 66 N   110      
1986 10 18 0130 0138 N 20 E 69 F    40      
1986 10 18 0144 0148 N 23 E 76 F    17      
1986 10 18 0342 0347 N 21 E 68 F    27 C  18
1986 10 18 0404 0416 N 18 E 73 F    21 C  13
1986 10 18 0602 0630 N 27 E 79 F    87      
1986 10 18 0722 0730 N 20 E 72 F    57      
1986 10 18 0720 0739 N 20 E 75 F    87      
1986 10 18 0935 0940 N 20 E 70 F            
1986 10 18 1010 1018 N 27 E 57 F            
1986 10 18 1055 1149 N 22 E 62 F   121      
1986 10 18 1202 1245 N 20 E 65 B    49 C  11
1986 10 18 1248 1252 N 22 E 64 B            
1986 10 18 1321 1342 N 23 E 67 F    30      
1986 10 18 1344 1349 N 23 E 64 F    23      
1986 10 18 1356 1410 N 23 E 66 F    41      
1986 10 18 1509 1512 N 23 E 65 F    15      
1986 10 18 1738 1749 N 20 E 62 F    17      
1986 10 18 1800 1821 N 20 E 62 F    23      
1986 10 18 1833 1838 N 20 E 63 F    16      
1986 10 18 2100 2108 N 24 E 57 F   100      
1986 10 18 2239 2246 N 20 E 58 F    25      
1986 10 18 2239 2248 N 21 E 59 F    32      
1986 10 18 2356 2359 N 18 E 57 F    25      
1986 10 18 2349 2358 N 21 E 62 N   179      
1986 10 19 0015 0148 N 24 E 65 F   985      
1986 10 19 0031 0133 N 25 E 63 N   280      
1986 10 19 0017 0210 N 21 E 62 B   406 M  47
1986 10 19 0147 0205 N 26 E 57 F    80      
1986 10 19 0227 0231 N 24 E 56 F    60      
1986 10 19 0348 0400 N 26 E 57 F    60      
1986 10 19 0635 0646 N 20 E 50 N    58      
1986 10 19 0635 0645 N 19 E 50 F    32      
1986 10 19 0652 0701 N 23 E 55 N    88      
1986 10 19 0720 0723 N 23 E 58 F    87      
1986 10 19 1204 1215 N 21 E 53 F    27      
1986 10 19 1619 1644 N 22 E 49 N    58 C  11
1986 10 19 1619 1644 N 21 E 50 F    47 C  11
1986 10 19 2025 2053 N 25 E 47 N   160      
1986 10 19 2110 2128 N 21 E 48 N   129 C  52
1986 10 19 2225 2230 N 22 E 47 F    18      
1986 10 19 2320 2328 N 25 E 44 F   100      
1986 10 20 0323 0336 N 26 E 43 N   200      
1986 10 20 0715 0807 N 23 E 42 N   233 C  16
1986 10 20 0754 0812 N 24 E 40 F   262      
1986 10 20 1243 1256 N 23 E 41 F    25      
1986 10 20 1447 1456 N 22 E 41 F    22      
1986 10 20 1630 1641 N 24 E 35 B   100      
1986 10 20 1630 1645 N 24 E 36 N   110      
1986 10 20 1910 1918 N 26 E 41 F    68      
1986 10 21 0841 0910 N 25 E 33 N            
1986 10 22 1533 1556 N 26 E 18 F    40      
1986 10 22 1547 1559 S 25 E 54 F    31      
1986 10 22 1629 1658 N 24 E 16 F    66      
1986 10 22 1902 1921 N 24 E 12 F    62      
1986 10 22 1902 1919 N 26 E 16 F    87      
1986 10 22 2317 2345 S 13 E 42 F   180      
1986 10 22 2350 2414 N 28 E 10 F   314      
1986 10 23 0103 0128 N 25 E 13 N   117 C  19
1986 10 23 0104 0123 N 25 E 14 F   179      
1986 10 23 0229 0238 N 25 E 11 F    98      
1986 10 23 0229 0241 N 24 E 10 F    46      
1986 10 23 0401 0420 N 25 E 08 B   105      
1986 10 23 0401 0419 N 24 E 06 N    46      
1986 10 23 0544 0551 N 24 E 08 F    22      
1986 10 23 0927 0959 S 27 E 40 B   106      
1986 10 23 1200 1213 S 26 E 41 F    51      
1986 10 23 1215 1219 S 25 E 41 F    21      
1986 10 23 1218 1232 N 25 E 05 F    50      
1986 10 23 1359 1416 S 26 E 42 F   133      
1986 10 23 1411 1418 N 23 E 01 F    47      
1986 10 23 1420 1427 N 23 E 01 F   117      
1986 10 23 1411 1427 S 15 E 48 F    28      
1986 10 23 1518 1605 S 15 E 49 F    46      
1986 10 23 1548 1613 N 23 E 00 F    90      
1986 10 23 1619 1644 N 20 E 00 F    77      
1986 10 23 1619 1702 S 27 E 38 F    58      
1986 10 23 1633 1715 S 16 E 49 F    36      
1986 10 23 1633 1713 S 16 E 47 F    48      
1986 10 23 1647 1703 N 23 E 00 F    40      
1986 10 23 1710 1735 N 25 E 06 N    82      
1986 10 23 1813 1824 N 25 E 03 F    46      
1986 10 23 1759 1811 N 23 W 01 F    26      
1986 10 23 2320 2341 S 12 E 46 F   269      
1986 10 24 0013 0017 N 23 W 04 F    31      
1986 10 24 0121 0146 N 22 W 05 F   128      
1986 10 24 0122 0144 N 22 W 06 F   179      
1986 10 24 0408 0416 N 24 W 07 F    33      
1986 10 24 0424 0454 N 25 W 02 F   109      
1986 10 24 0429 0446 N 26 W 04 N   168      
1986 10 24 0512 0608 N 26 W 05 N   190      
1986 10 24 0529 0555 N 27 W 03 B   231 C  14
1986 10 24 1508 1525 N 23 W 12 F    43      
1986 10 24 1848 1857 N 22 W 14 F    84      
1986 10 24 2006 2026 N 22 W 13 F    68      
1986 10 24 2007 2025 N 23 W 12 F    51      
1986 10 24 2318 2346 N 23 W 16 F   108      
1986 10 24 2323 2345 N 23 W 14 F    78      
1986 10 25 0120 0131 N 22 W 17 N    47      
1986 10 25 0221 0227 N 26 W 14 F    20      
1986 10 25 0330 0336 N 25 W 16 F    48      
1986 10 25 0353 0400 N 25 W 16 N   107      
1986 10 25 0353 0401 N 25 W 16 F    50      
1986 10 25 0423 0430 N 23 W 18 N   206      
1986 10 25 0424 0435 N 22 W 17 N    97      
1986 10 25 0608 0619 N 25 W 18 F   175      
1986 10 25 0608 0623 N 26 W 17 B   284 C  41
1986 10 25 0716 0742 N 25 W 18 N   106      
1986 10 25 0730 0730 N 25 W 16 B    56      
1986 10 25 0716 0740 N 24 W 19 F   111      
1986 10 25 1542 1604 N 22 W 25 F   189      
1986 10 25 1620 1626 N 22 W 26 F    31      
1986 10 25 1759 1818 N 22 W 27 F    28      
1986 10 25 1838 1845 N 23 W 26 F    32      
1986 10 26 0125 0146 N 21 W 31 F    40      
1986 10 26 0153 0206 N 24 W 30 F    50      
1986 10 26 0153 0202 N 24 W 29 F    39      
1986 10 26 0256 0303 N 26 W 28 F    28      
1986 10 26 0347 0353 N 25 W 29 F    25      
1986 10 26 0704 0735 S 27 E 05 F    87      
1986 10 26 0824 0836 S 28 E 03 F    42      
1986 10 26 0854 0907 N 26 W 29 F    22      
1986 10 26 1811 1832 N 21 W 39 F    21      
1986 10 26 2221 2229 S 21 E 53 F    27      
1986 10 27 0303 0314 N 24 W 42 F    43      
1986 10 27 0358 0405 S 22 E 49 F    17      
1986 10 27 1056 1153 N 21 W 48 N    58      
1986 10 27 1532 1555 N 21 W 50 N    42      
1986 10 27 2109 2118 N 23 W 53 F    19      
1986 10 28 0238 0245 N 28 W 52 F    28      
1986 10 28 1309 1410 S 27 W 23 N    55      
1986 10 28 1613 1622 S 21 E 28 N    40      
1986 10 28 1613 1621 S 21 E 28 N    39      
1986 10 28 1950 2001 N 22 W 61 F    23      
1986 10 28 2125 2133 N 22 W 61 F    23 C  12
1986 10 28 2135 2141 N 22 W 61 F    23      
1986 10 28 2354 2405 N 04 E 58 F   140      
1986 10 29 1504 1512 N 03 E 49 F    26      
1986 10 29 1857 1907 S 17 W 38 F    49      
1986 10 29 2046 2051 S 17 W 41 F    19      
1986 10 30 0439 0451 S 21 E 10 F    37      
1986 10 30 0512 0517 N 02 E 57 F    22      
1986 10 30 0543 0600 S 21 E 08 F    42      
1986 10 30 0623 0632 N 03 E 56 F    60      
1986 10 30 0625 0630 N 02 E 56 F    33      
1986 10 30 1100 1115 N 03 E 51 F    33      
1986 10 30 1240 1246 N 01 E 52 F    16      
1986 10 30 1348 1359 S 29 W 51 N    37      
1986 10 30 1714 1719 N 02 E 51 N    30      
1986 10 31 0357 0413 N 02 E 43 F    24      
1986 10 31 0521 0526 N 00 E 42 F    39      
1986 10 31 0523 0537 N 02 E 42 F    32      
1986 10 31 1522 1530 S 14 W 62 F    15      
1986 10 31 2046 2301 N 01 E 33 F   320      
1986 10 31 2159 2225 N 00 E 25 F    66 C  18
1986 11 01 0542 0628 N 01 E 22 N    95      
1986 11 01 0544 0559 N 02 E 21 F    26      
1986 11 01 0758 0929 N 00 E 12 F   224 C  31
1986 11 01 0720 0812 S 02 E 20 N   398      
1986 11 01 0830 0830 S 04 E 18 B   394      
1986 11 01 0930 0930 S 05 E 19 B   337      
1986 11 01 0956 1005 N 00 E 11 F    24      
1986 11 02 0633 0702 S 03 E 08 B   124      
1986 11 02 0732 0746 N 02 E 16 N    76 C  11
1986 11 02 0732 0748 N 03 E 16 N   100      
1986 11 02 0732 0748 N 02 E 18 N    61 C  11
1986 11 02 1039 1051 S 03 E 05 F    69      
1986 11 02 1723 1728 N 02 E 05 F    27      
1986 11 02 1728 1740 N 04 W 05 N    58      
1986 11 02 2056 2104 S 01 E 06 F    42      
1986 11 04 0410 0422 N 02 W 10 F    29      
1986 11 04 0702 0724 N 03 W 11 N    24      
1986 11 04 0702 0709 N 03 W 11 F    24      
1986 11 04 1100 1115 N 01 W 11 N    30      
1986 11 04 1132 1144 N 01 W 12 N    40      
1986 11 04 1132 1147 N 01 W 11 N    40      
1986 11 04 1148 1200 S 04 W 02 F    20      
1986 11 04 1201 1209 N 01 W 10 F    10      
1986 11 04 1210 1320 S 06 W 12 F    30      
1986 11 04 1312 1316 N 02 W 15 F            
1986 11 04 1446 1456 N 03 W 17 F    29      
1986 11 05 1215 1220 N 02 W 27 F    22      
1986 11 05 1215 1220 N 03 W 27 F    22      
1986 11 05 1601 1606 N 01 W 29 F    23      
1986 11 05 2051 2102 N 01 W 32 F   120      
1986 11 05 2125 2148 N 01 W 32 N   160      
1986 11 05 2135 2149 N 01 W 35 F    69      
1986 11 05 2245 2258 N 01 W 33 F    33      
1986 11 05 2243 2256 N 01 W 32 F   120      
1986 11 05 2348 2404 N 05 W 32 F   100      
1986 11 05 2350 2404 N 02 W 33 F    33      
1986 11 06 0221 0246 N 02 W 34 F    27      
1986 11 06 0532 0551 N 01 W 36 F   136 C  10
1986 11 06 0818 0842 N 02 W 37 F    75      
1986 11 06 0836 0844 N 02 W 37 F            
1986 11 06 1409 1435 N 03 W 13 F    10      
1986 11 06 1423 1440 N 04 W 36 F    41      
1986 11 06 1442 1450 N 02 W 13 N    20      
1986 11 06 1456 1507 N 01 W 40 F    33      
1986 11 06 1600 1643 N 03 W 43 F    61      
1986 11 06 1704 1756 N 02 W 47 N   110      
1986 11 06 1813 1820 S 00 W 56 F    40      
1986 11 06 1813 1819 S 01 W 57 F    24      
1986 11 06 1933 1944 N 02 W 48 F    22      
1986 11 06 2201 2214 N 02 W 47 F    42      
1986 11 07 0200 0210 N 00 W 60 F    84      
1986 11 07 0200 0213 N 01 W 58 F   100      
1986 11 07 0624 0632 N 03 W 49 F    19      
1986 11 08 0628 0638 N 03 W 62 F    18      
1986 11 08 0630 0637 N 03 W 62 F    20      
1986 11 12 2359 2359 S 42 E 03 F    60      
1986 11 12 2359 2359 S 73 E 09 F    10      
1986 11 13 1724 1729 N 31 E 89 F            
1986 11 15 1139 1202 N 23 E 65 N    17      
1986 11 17 0811 0822 N 26 E 50 F    32      
1986 11 17 0812 0819 N 26 E 49 F    32      
1986 11 19 0226 0227 N 24 E 20 F    24      
1986 11 20 0857 0959 N 24 E 07 F            
1986 11 20 0854 1015 N 24 E 00 N   402 C  16
1986 11 23 0141 0159 N 26 W 46 N   100      
1986 11 23 1852 1910 S 28 W 66 F    20      
1986 11 23 1946 1956 S 28 W 66 F    20      
1986 11 23 1956 1957 S 28 W 66 F    19      
1986 11 23 2038 2107 S 28 W 69 F    46      
1986 11 24 1222 1236 S 30 W 75 F    11      
1986 11 24 1411 1417 S 29 W 76 F    11      
1986 11 26 1008 1031 N 05 E 27 F    30      
1986 11 28 1154 1211 S 03 E 22 F    94      
1986 12 10 0256 0303 S 27 E 75 F    19      
1986 12 12 1904 1920 S 30 E 48 F    19      
1986 12 12 1917 1922 N 27 E 04 F    26      
1986 12 12 2005 2021 S 31 E 46 F   100      
1986 12 12 2151 2212 S 31 E 46 N   120      
1986 12 12 2151 2209 S 31 E 46 F    80      
1986 12 16 1012 1225 S 32 E 01 F    30      
1986 12 21 1339 1416 S 26 E 35 F    22      
1986 12 21 1755 1824 S 26 E 34 N    35      
1986 12 21 1912 1928 S 27 E 33 N    44      
1986 12 21 1950 2001 S 28 E 31 F    19      
1986 12 21 2025 2048 S 28 E 31 F    28      
1986 12 23 1113 1116 S 26 E 12 F    10      
1986 12 24 1103 1111 N 22 E 30 F    10      
