1994 01 01 0047 0058 S 09 E 41 F    72      
1994 01 01 0120 0123 N 08 W 78 F    24      
1994 01 01 0156 0202 N 08 W 79 F    25      
1994 01 01 0157 0216 S 09 E 39 F    23      
1994 01 01 0327 0334 N 13 E 35 F    22 C  18
1994 01 01 0554 0558 N 06 W 77 F    13 C  20
1994 01 01 0557 0606 S 09 E 37 F    14      
1994 01 01 1223 1233 N 10 E 36 F    28 C  15
1994 01 01 1735 1806 S 15 E 27 F   102 C  44
1994 01 01 1753 1826 S 15 E 27 F   100      
1994 01 02 0214 0217 S 10 E 25 F    22      
1994 01 02 1542 1548 N 12 E 24 F    24      
1994 01 02 1542 1548 N 12 E 24 F    20      
1994 01 02 1848 1851 S 10 E 17 F    11      
1994 01 02 2159 2208 N 12 E 17 F    11      
1994 01 02 2317 2325 N 12 E 17 F    67      
1994 01 03 0436 0440 S 09 E 13 F    14      
1994 01 03 0827 0831 S 09 E 11 F            
1994 01 03 0855 0859 N 14 E 20 F            
1994 01 03 0855 0904 N 05 E 79 F            
1994 01 03 1035 1109 N 05 E 79 F    35      
1994 01 03 1312 1320 N 15 E 17 F            
1994 01 03 1620 1628 N 03 E 78 F    13 B  50
1994 01 03 1636 1647 N 03 E 76 F    12      
1994 01 03 1752 1808 N 04 E 76 F    45 B  88
1994 01 03 1752 1808 N 03 E 75 F    51      
1994 01 03 1929 1940 N 06 E 74 F    36      
1994 01 03 1945 1952 N 05 E 76 F    21 C  10
1994 01 03 1945 1951 N 03 E 76 F    18 C  10
1994 01 03 2311 2315 N 06 E 72 F    18      
1994 01 03 2311 2315 N 06 E 71 F    18      
1994 01 03 2334 2340 N 05 E 67 F    46      
1994 01 04 0110 0150 S 10 E 14 F    45 C  12
1994 01 04 0121 0155 S 18 E 08 F            
1994 01 04 0302 0315 N 14 E 08 F    32 C  24
1994 01 04 0302 0325 N 14 E 08 F    35 C  24
1994 01 04 0448 0453 N 15 E 09 F    11      
1994 01 04 0613 0632 N 06 E 68 F    23 C  10
1994 01 04 0633 0643 N 06 E 65 F    22      
1994 01 04 0644 0711 N 06 E 65 F    50      
1994 01 04 0630 0649 N 13 W 05 F    31      
1994 01 04 0715 0852 N 06 E 65 F    55      
1994 01 04 0743 0816 N 12 W 05 F    25      
1994 01 04 0927 0946 N 07 E 65 F    27      
1994 01 04 1258 1341 N 03 E 63 F    70      
1994 01 04 1531 1540 N 06 E 62 F    13      
1994 01 04 1617 1625 N 03 E 61 F    15      
1994 01 04 1923 1935 N 15 E 00 F    15      
1994 01 04 2057 2102 N 14 E 02 F    18      
1994 01 05 0027 0032 N 15 W 04 F    19 B  83
1994 01 05 0105 0126 N 16 W 04 F    34      
1994 01 05 0724 0735 N 14 W 05 N    84      
1994 01 05 0724 0735 N 14 W 05 N   143      
1994 01 05 0648 0737 S 12 W 18 N   164      
1994 01 05 0648 0739 S 13 W 23 N   159 M  10
1994 01 05 0743 0746 S 09 W 15 F    23      
1994 01 05 0826 0850 N 16 W 08 F    70 C  28
1994 01 05 0828 0845 N 16 W 06 N            
1994 01 05 0833 0839 S 14 W 20 F    10      
1994 01 05 0901 0910 S 11 W 21 F    20 C  19
1994 01 05 0951 1010 S 09 W 19 N    20      
1994 01 05 1024 1029 N 14 E 54 F    50      
1994 01 05 1104 1113 S 13 W 22 F    30      
1994 01 05 1315 1324 N 04 E 49 F    39 C  18
1994 01 05 1402 1424 N 16 W 12 F    30 C  19
1994 01 05 1402 1402 N 15 W 14 F            
1994 01 05 1450 1458 S 09 W 27 F    14      
1994 01 05 1505 1515 N 13 W 14 F    37      
1994 01 05 1543 1556 N 03 E 47 N    36 C  17
1994 01 05 1633 1641 S 11 W 26 F    23 C  18
1994 01 05 1645 1651 S 17 W 29 F    17      
1994 01 05 1656 1702 N 02 E 47 F    11      
1994 01 05 1702 1711 N 14 W 09 F    12      
1994 01 05 1721 1726 S 11 W 24 F    17 C  17
1994 01 05 1757 1805 S 10 W 24 N   123 C  28
1994 01 05 1822 1826 S 06 W 26 F    20 C  13
1994 01 05 1945 1955 S 05 W 26      35 C  24
1994 01 06 0406 0414 S 07 W 31 B   206      
1994 01 06 0613 0635 N 17 W 18 B   343      
1994 01 06 0613 0630 N 18 W 18 B   436      
1994 01 06 0758 0809 S 09 W 34 N    47 C  46
1994 01 06 1008 1028 S 09 W 32 F    10 C  14
1994 01 06 1237 1256 S 09 W 35 N    56 C  42
1994 01 06 1431 1438 S 11 W 37 F    20 C  22
1994 01 06 1431 1439 S 11 W 37 F    27      
1994 01 06 1521 1528 S 09 W 37 F    11      
1994 01 06 1700 1711 S 10 W 38 F    42 B  85
1994 01 06 1701 1709 S 10 W 38 F    38      
1994 01 06 1730 1808 S 11 W 37 F    22 C  11
1994 01 06 1857 1906 S 10 W 38 F    66 C  11
1994 01 06 1858 1905 S 10 W 38 F    58 C  11
1994 01 07 0111 0129 S 09 W 37 F    30 C  23
1994 01 07 0214 0250 S 10 W 40 F    62 C  39
1994 01 07 0214 0301 S 11 W 40 F    24 C  39
1994 01 07 0556 0616 S 09 W 43 F    26 C  13
1994 01 07 0937 1003 S 09 W 45 N   121 M  13
1994 01 07 1128 1139 S 10 W 48 N    33      
1994 01 07 1234 1315 S 04 W 44 F    53 C  23
1994 01 07 1519 1545 N 06 E 32 F    56 B  73
1994 01 07 1533 1604 S 16 W 53 F    20      
1994 01 07 1533 1608 S 16 W 55 F    19      
1994 01 07 1628 1634 S 09 W 46 F    13      
1994 01 07 1744 1806 S 09 W 47 F    13 B  53
1994 01 07 1823 1837 S 12 W 46 F    51      
1994 01 07 1815 1850 S 10 W 49 F   119 C  22
1994 01 07 2048 2111 S 10 W 49 F    20 B  48
1994 01 07 2127 2208 S 10 W 55 F    57 B  94
1994 01 08 0018 0022 S 05 W 55 F    18 B  81
1994 01 08 0142 0155 S 11 W 56 F    20 B  84
1994 01 08 0306 0310 S 10 W 53 F    18 C  16
1994 01 08 0751 0755 N 05 E 23 N            
1994 01 08 0800 0820 S 16 W 72 B            
1994 01 08 1000 1040 S 15 W 60 F    20      
1994 01 08 1002 1058 S 15 W 58 F            
1994 01 08 1000 1040 S 15 W 60 F    30      
1994 01 08 1630 1634 S 13 W 69 F    46 B  98
1994 01 09 0301 0306 S 10 W 70 F    19 B  73
1994 01 09 2251 2302 S 05 W 78 F    13 C  82
1994 01 09 2305 2330 S 06 W 76 F    36      
1994 01 09 2308 2326 S 05 W 77 F    33      
1994 01 09 2351 2358 S 11 W 83 F    38      
1994 01 10 1303 1319 N 07 W 19 F    60      
1994 01 10 1303 1321 N 07 W 18 F    21      
1994 01 10 1734 1738 N 06 W 21 F    13      
1994 01 10 2134 2139 N 07 W 23 F    30 B  95
1994 01 10 2315 2341 N 06 W 27 F    38 C  13
1994 01 10 2315 2341 N 07 W 27 F    33 C  13
1994 01 11 0320 0327 N 04 W 18 F    11 B  63
1994 01 11 0411 0437 N 07 W 29 F    97 C  18
1994 01 11 0456 0503 N 04 W 19 F    12 B  90
1994 01 11 0828 0831 N 04 W 22 F    12      
1994 01 12 1201 1213 N 03 W 42 F    30      
1994 01 12 1401 1423 N 06 W 42 F    19      
1994 01 13 0916 0926 N 06 W 48 F    42 B  68
1994 01 13 0916 0926 N 07 W 50 F    23 B  68
1994 01 13 1048 1103 N 04 W 50 F    44      
1994 01 13 1524 1529 N 06 W 56 F    10 B  40
1994 01 14 0911 0920 N 06 W 72 F    12      
1994 01 14 0905 0927 N 05 W 67 F    77 C  12
1994 01 15 0841 0853 S 10 W 80 F    10      
1994 01 15 1034 1043 S 10 W 80 F    10      
1994 01 15 1213 1228 S 10 W 80 F    10      
1994 01 15 1246 1303 N 07 E 90 F   130      
1994 01 15 1438 1500 S 09 W 78 N    80      
1994 01 15 1611 1617 S 04 W 79 F    19 C  10
1994 01 16 1748 1801 N 03 E 71 F    51 C  14
1994 01 16 1748 1801 N 03 E 71 F    58 C  14
1994 01 16 2333 2405 N 03 E 71 B   102      
1994 01 17 0916 0922 N 06 E 65 N   146 C  93
1994 01 17 1304 1334 N 08 E 68 F    23 C  23
1994 01 17 1304 1347 N 08 E 68 F    23 C  23
1994 01 17 1334 1403 N 06 E 63 F            
1994 01 17 1901 1907 N 08 E 59 F    18 C  15
1994 01 17 1901 1905 N 07 E 60 F    16      
1994 01 17 2116 2129 N 05 E 58 F    12      
1994 01 18 0821 0847 N 11 E 53 F   100      
1994 01 18 1104 1118 N 12 E 59 N    80      
1994 01 18 1607 1631 N 08 E 47 F    19 B  86
1994 01 19 0311 0329 N 05 E 40 F    48 C  40
1994 01 19 0800 0814 N 10 E 48 F    70      
1994 01 19 0830 0834 N 06 E 42 F            
1994 01 19 1140 1150 N 07 E 38 N   180      
1994 01 19 1143 1152 N 09 E 33 F    36      
1994 01 19 1339 1434 N 05 E 40 F    39 C  42
1994 01 20 1015 1022 S 13 E 83 F            
1994 01 20 1022 1030 N 06 E 27 F            
1994 01 20 2210 2223 N 07 E 24 F    26 B  83
1994 01 21 0816 0838 N 07 E 17 F    19      
1994 01 21 0831 0859 N 13 E 15 F    40      
1994 01 21 1014 1026 N 11 E 16 N    70      
1994 01 21 1138 1156 N 08 E 14 N   280      
1994 01 21 1141 1145 N 05 E 15 F            
1994 01 21 1612 1617 N 08 E 12 F    19 B  40
1994 01 21 2103 2110 N 07 E 08 F    14 B  46
1994 01 21 2317 2334 N 06 E 07 F    26 B  78
1994 01 22 0108 0110 N 09 E 02 N    13      
1994 01 22 0411 0420 N 11 W 26 F    26      
1994 01 22 0720 0736 N 07 W 01 F            
1994 01 22 0732 0744 N 08 W 02 F            
1994 01 22 1132 1145 N 10 W 08 F    70      
1994 01 22 1912 1936 N 08 W 10 F    26 B  62
1994 01 22 1912 1931 N 09 W 09 F    24      
1994 01 23 1246 1334 N 05 W 18 F            
1994 01 23 1250 1323 N 06 W 12 F   134 C  29
1994 01 24 0736 0815 N 08 E 48 N            
1994 01 24 1008 1024 N 05 W 27 F            
1994 01 24 1236 1242 N 07 W 32 F    19 C  11
1994 01 24 1311 1319 N 13 W 04 F    33 C  12
1994 01 24 2232 2238 N 07 W 33 F    14 B  84
1994 01 25 0103 0121 N 08 W 34 F    39 C  18
1994 01 25 0343 0355 N 13 W 12 F    23 C  12
1994 01 25 0812 0824 N 11 W 37 F            
1994 01 25 0908 0916 N 06 E 34 F            
1994 01 25 0952 1000 N 18 E 77 F            
1994 01 25 1246 1312 N 06 E 30 F    25 B  76
1994 01 25 1252 1312 N 05 E 31 F            
1994 01 25 1354 1401 N 11 W 41 F    12 B  99
1994 01 25 1357 1401 N 11 W 41 F            
1994 01 25 1419 1429 N 09 W 47 F    18      
1994 01 25 1413 1429 N 08 W 46 F            
1994 01 25 1503 1514 N 08 W 42 F    12 C  12
1994 01 25 1602 1614 N 12 W 20 F    30 C  11
1994 01 25 1640 1654 N 10 W 49 F    50 C  14
1994 01 25 1640 1657 N 10 W 49 F    71 C  14
1994 01 25 1651 1657 N 09 W 47 F    19      
1994 01 25 1812 1928 N 09 W 48 N   205 M  16
1994 01 25 1812 1937 N 09 W 48 N   138      
1994 01 25 2007 2010 N 11 W 49 F    16      
1994 01 25 2042 2056 N 10 W 48 F    20 C  31
1994 01 25 2057 2104 N 11 W 51 F    10      
1994 01 25 2156 2206 N 10 W 49 F    30 B  92
1994 01 25 2228 2246 N 06 W 49 F    41 C  12
1994 01 25 2311 2320 N 11 W 53 F    16      
1994 01 26 0113 0130 N 07 W 50 F    39 C  25
1994 01 26 0140 0227 N 07 W 50 F    80 C  65
1994 01 26 0540 0553 N 08 W 56 F    26 C  14
1994 01 26 0638 0658 N 07 W 56 F    21 C  18
1994 01 26 0725 0745 N 08 W 56 F            
1994 01 26 0938 0950 N 10 W 56 F    30      
1994 01 26 1004 1010 N 08 W 60 F    30      
1994 01 26 1135 1152 N 08 W 60 N   100      
1994 01 26 1352 1410 N 10 W 34 F    24 B  59
1994 01 26 1352 1411 N 09 W 34 F    31 B  59
1994 01 26 1606 1620 N 11 W 35 F    13      
1994 01 26 1613 1659 N 10 W 61 F    53 C  25
1994 01 26 1720 1726 N 08 W 60 F    14 C  13
1994 01 26 1852 1906 N 09 W 62 F    35 C  15
1994 01 26 2057 2105 N 08 W 62 F    24 B  72
1994 01 26 2057 2103 N 09 W 62 F    27      
1994 01 26 2119 2125 N 09 W 63 F    28 B  87
1994 01 26 2146 2156 N 09 W 64 F    12      
1994 01 26 2237 2243 N 10 W 68 F    86 C  16
1994 01 27 0518 0549 N 11 W 65 N    90 M  27
1994 01 27 1340 1401 N 07 W 70 F    66 C  27
1994 01 27 1344 1401 N 08 W 70 F    90      
1994 01 27 1348 1403 N 07 W 72 F    71 C  27
1994 01 27 1444 1456 N 13 W 66 F            
1994 01 27 1605 1610 N 08 W 74 F    24 C  21
1994 01 27 1605 1610 N 08 W 73 F    35      
1994 01 27 1624 1639 N 11 W 71 F    29      
1994 01 27 2000 2012 N 07 W 77 F    20 C  16
1994 01 27 2103 2118 N 08 W 73 F    33      
1994 01 27 2339 2345 N 08 W 80 F    42 B  78
1994 01 28 1513 1523 S 09 E 82 F    23      
1994 01 28 1625 1631 N 08 W 85 F    20 M  18
1994 01 28 1631 1638 N 08 W 84 F    11      
1994 01 28 1947 1954 S 09 E 79 F    20 C  45
1994 01 29 0132 0155 S 18 W 71 F    63      
1994 01 29 0905 0913 N 10 W 70 F    49 C  66
1994 01 29 0905 0909 N 09 W 69 F            
1994 01 29 1049 1106 N 10 W 90 F            
1994 01 29 1054 1114 N 05 W 79 F            
1994 01 29 1254 1307 N 10 W 90 F            
1994 01 31 1000 1008 S 14 W 25 F            
1994 01 31 1048 1104 N 05 E 69 F            
1994 02 01 1110 1114 N 06 E 50 F            
1994 02 03 0005 0015 N 17 E 64 F    18      
1994 02 03 0159 0210 N 18 E 62 F    19 B  34
1994 02 03 0234 0253 S 17 W 78 F    81      
1994 02 03 0414 0424 N 17 E 62 F    35 C  15
1994 02 03 0457 0503 N 18 E 62 F    29 B  50
1994 02 03 1836 1905 N 13 W 48 F    48 C  11
1994 02 04 0732 0737 S 18 W 48 F    26 B  48
1994 02 06 0742 0755 S 10 W 24 F    12      
1994 02 06 0813 0826 S 10 W 25 F    24 B  50
1994 02 06 1300 1340 S 13 W 30 F    20 B  79
1994 02 07 0452 0456 S 12 W 39 F    25 B  64
1994 02 07 1350 1434 S 12 W 43 F    40 B  82
1994 02 07 1359 1429 S 13 W 44 F    34      
1994 02 08 0746 0837 N 07 E 60 F   101      
1994 02 08 0926 0935 N 09 E 58 F            
1994 02 08 1000 1003 N 09 E 57 F    12      
1994 02 08 1000 1010 N 09 E 58 F            
1994 02 08 1020 1028 N 09 E 58 F            
1994 02 08 1146 1152 N 08 E 58 F            
1994 02 08 1305 1328 N 08 E 55 F    15      
1994 02 08 1340 1441 N 09 E 60 F   110      
1994 02 08 1603 1633 N 08 E 54 F    21 B  73
1994 02 08 1750 1833 N 08 E 53 F    25      
1994 02 08 1917 1932 N 08 E 52 F    22      
1994 02 09 0143 0146 N 05 E 51 N    59      
1994 02 09 0159 0203 N 05 E 50 N    59      
1994 02 09 0307 0309 N 09 E 49 F    35 B  27
1994 02 09 0559 0613 N 09 E 48 F    20      
1994 02 09 1211 1220 S 10 W 70 F    20      
1994 02 09 1323 1347 S 10 W 70 F    30      
1994 02 09 1806 1844 S 11 W 72 F    12 C  30
1994 02 09 1806 1844 S 12 W 71 F    11 C  30
1994 02 09 1904 1919 N 18 W 23 F    35      
1994 02 10 1345 1356 N 11 E 34 F   100      
1994 02 10 1345 1358 N 12 E 35 F   100      
1994 02 10 1353 1357 S 15 W 79 F            
1994 02 11 1840 1847 N 20 W 51 F    19      
1994 02 12 1118 1131 N 10 E 85 F            
1994 02 12 2329 2403 N 07 W 03 F    38 C  10
1994 02 15 0131 0143 N 02 W 34 F   108      
1994 02 15 0348 0358 N 12 E 49 F    40 C  10
1994 02 15 0555 0601 N 10 E 47 F    11 C  11
1994 02 15 0751 0820 N 09 E 64 F    14 C  18
1994 02 15 0751 0820 N 09 E 63 F    14 C  18
1994 02 16 0809 0821 N 09 E 30 N   260      
1994 02 16 0838 0900 N 07 W 46 F    90      
1994 02 16 1133 1141 N 06 W 47 F            
1994 02 16 1507 1515 N 07 E 25 F    19 B  56
1994 02 16 1911 1915 N 10 W 51 F    55      
1994 02 17 0255 0303 N 12 E 22 F    44      
1994 02 17 0255 0319 N 13 E 21 F    79      
1994 02 17 1153 1207 N 08 W 64 N   170      
1994 02 18 0542 0547 N 05 E 26 N    60      
1994 02 18 0924 1041 N 14 E 08 N   480      
1994 02 18 0924 1048 N 13 E 07 F            
1994 02 18 1320 1328 N 08 E 22 F            
1994 02 19 1049 1058 N 08 E 08 F   110      
1994 02 19 1049 1057 N 09 E 09 F   110      
1994 02 20 0109 0234 N 09 W 09 B   444      
1994 02 20 0138 0308 N 09 W 02 B   707 M  40
1994 02 20 0234 0325 N 05 W 12 B   550      
1994 02 20 0746 0806 N 05 W 02 F            
1994 02 20 1356 1401 N 07 W 06 F    14 B  39
1994 02 20 1558 1608 N 12 W 26 F    16 B  42
1994 02 21 0813 0817 N 09 W 16 F            
1994 02 24 2111 2121 N 12 W 66 F    15      
1994 02 25 0010 0017 N 14 W 68 F    22      
1994 02 25 0804 0814 N 08 W 68 F    10      
1994 02 25 0804 0815 N 10 W 70 F    10      
1994 02 25 0831 0837 N 10 W 70 F    20      
1994 02 26 1309 1404 S 10 E 90 N            
1994 02 26 2327 2410 S 12 W 10 F    65 B  55
1994 02 27 0431 0437 S 17 E 55 N    41      
1994 02 27 1538 1542 S 14 E 71 F    18 B  61
1994 02 28 1538 1557 S 12 E 56 F    11      
1994 03 01 1951 2004 S 13 E 41 F    36      
1994 03 01 2220 2253 S 12 E 40 F   113      
1994 03 02 0359 0405 S 12 E 36 F    11      
1994 03 02 1605 1616 S 19 W 23 F    14      
1994 03 02 1647 1705 S 19 W 26 F    17      
1994 03 02 2102 2108 S 19 W 26 F    13      
1994 03 02 2205 2214 S 17 W 27 F    16      
1994 03 02 2306 2317 S 19 W 26 F    46      
1994 03 03 0208 0225 S 20 W 28 F    69      
1994 03 03 0337 0342 S 18 W 30 N    34      
1994 03 03 0337 0346 S 19 W 29 F    34      
1994 03 03 0709 0735 S 11 E 34 F            
1994 03 03 0725 0738 S 13 E 20 N            
1994 03 03 0750 0804 S 19 W 32 F            
1994 03 03 0854 0914 S 18 W 31 N            
1994 03 03 0920 0936 S 18 W 30 F            
1994 03 03 1032 1056 S 20 W 34 F            
1994 03 03 1136 1248 S 20 W 34 F    63      
1994 03 03 1212 1244 S 20 W 34 F            
1994 03 03 1307 1313 S 19 W 36 F    57      
1994 03 03 1416 1430 S 20 W 36 F            
1994 03 03 1416 1424 S 20 W 35 F            
1994 03 03 1506 1506 S 20 W 36 F            
1994 03 03 1749 1757 S 13 E 17 F    27      
1994 03 03 1800 1806 S 19 W 38 F    17      
1994 03 03 1809 1828 S 19 W 37 F    21      
1994 03 03 2102 2123 S 18 W 42 F    23      
1994 03 03 2307 2311 S 19 W 42 F    14      
1994 03 03 2258 2306 S 17 W 39 F    36      
1994 03 03 2318 2332 S 17 W 43 F    32      
1994 03 03 2318 2326 S 17 W 44 F    47      
1994 03 04 0139 0221 S 18 W 41 F    38      
1994 03 04 0238 0247 S 18 W 42 F    12      
1994 03 04 0301 0423 S 18 W 42 F   116      
1994 03 04 0425 0446 S 18 W 45 F    33      
1994 03 04 0504 0507 S 12 E 11 F    18      
1994 03 04 0609 0617 S 18 W 47 F    14      
1994 03 04 0644 0712 S 18 W 46 F   102      
1994 03 04 0750 0818 S 20 W 45 F            
1994 03 04 0915 0926 S 17 W 48 F    30      
1994 03 04 1017 1028 S 11 E 08 F    30      
1994 03 04 1048 1142 S 17 W 48 N    50      
1994 03 04 1053 1146 S 19 W 47 F    52      
1994 03 04 1218 1259 S 18 W 50 F    24      
1994 03 04 1311 1317 S 17 W 48 F    30      
1994 03 04 1414 1422 S 18 W 50 F    23      
1994 03 04 1414 1421 S 17 W 48 F    40      
1994 03 04 1502 1510 S 21 W 51 F            
1994 03 04 1514 1526 S 21 W 52 F            
1994 03 04 1543 1550 S 17 W 48 F    30      
1994 03 04 1626 1631 S 19 W 52 F    19      
1994 03 04 1635 1646 S 19 W 53 F    27      
1994 03 04 1842 1846 S 18 W 52 F    14      
1994 03 04 1902 1906 S 18 W 56 F    22      
1994 03 04 1902 1906 S 17 W 55 F    25      
1994 03 04 2003 2006 S 19 W 55 F    11      
1994 03 04 2047 2059 S 17 W 55 F    23      
1994 03 04 2118 2132 S 18 W 54 F    36      
1994 03 04 2241 2245 S 18 W 57 F    20      
1994 03 05 0127 0130 S 15 W 56 N    41      
1994 03 05 1201 1205 S 17 W 63 F            
1994 03 05 1218 1226 S 17 W 66 F    19      
1994 03 05 1349 1400 S 12 W 08 F    12      
1994 03 05 1351 1358 S 13 W 08 F    12      
1994 03 05 2229 2235 S 11 W 14 F    17      
1994 03 06 0639 0650 N 09 W 36 F    29      
1994 03 06 0653 0705 N 17 E 26 F    37      
1994 03 06 0815 0823 N 17 E 25 F    13      
1994 03 06 1023 1043 N 17 E 25 F            
1994 03 06 1233 1246 N 17 E 23 F    18      
1994 03 06 1552 1613 S 09 E 14 F    19      
1994 03 06 1553 1622 S 09 E 15 F    26      
1994 03 06 1603 1614 S 12 W 23 F    28      
1994 03 06 1603 1618 S 12 W 23 F    36      
1994 03 06 1628 1638 N 17 E 21 F    20      
1994 03 06 1711 1722 S 09 E 13 F    20      
1994 03 06 1752 1801 N 18 E 21 F    11      
1994 03 06 1805 1832 S 09 E 14 F    21      
1994 03 06 1805 1834 S 09 E 13 F    18      
1994 03 06 1937 1948 S 09 E 12 F    14      
1994 03 07 1938 1944 S 11 W 39 F    11      
1994 03 09 0705 0724 N 07 W 76 F            
1994 03 09 0900 0907 N 06 W 77 F            
1994 03 09 1020 1028 N 06 W 76 F            
1994 03 12 0745 0752 N 16 E 53 F            
1994 03 12 0834 0849 N 18 E 49 F    75      
1994 03 12 0835 0854 N 16 E 48 F   140      
1994 03 12 1000 1016 S 11 W 63 F            
1994 03 12 1115 1124 N 20 E 50 F    10      
1994 03 12 1256 1310 N 17 E 53 F    28      
1994 03 13 1107 1124 S 14 W 62 F    36      
1994 03 13 1107 1124 S 14 W 62 F    33      
1994 03 13 1322 1335 N 16 E 39 F    17      
1994 03 15 1451 1459 N 16 E 07 F    15      
1994 03 16 0722 0729 N 16 E 01 F    21      
1994 03 16 0724 0728 N 15 E 01 F            
1994 03 21 0713 0724 N 08 W 32 N            
1994 03 21 0743 0753 N 08 W 33 N            
1994 03 21 1054 1123 N 07 W 36 F    25      
1994 03 21 1054 1120 N 07 W 36 F            
1994 03 21 1130 1134 N 07 W 36 F    18      
1994 03 21 1151 1155 N 19 W 66 F    76      
1994 03 21 1551 1555 N 19 W 66 F    76      
1994 03 21 1615 1628 N 21 W 68 F    17      
1994 03 21 1752 1758 N 10 W 39 F    12      
1994 03 21 1910 1926 N 08 W 40 F    33      
1994 03 21 1910 1931 N 08 W 40 F    35      
1994 03 21 2149 2159 N 09 W 41 F    22      
1994 03 23 1119 1136 N 18 W 24 F    14      
1994 03 23 1155 1206 N 16 W 25 F    13      
1994 03 23 1216 1225 N 18 W 24 F    12      
1994 03 23 1217 1223 N 18 W 24 F    11      
1994 03 23 1304 1318 N 06 E 67 F   220      
1994 03 23 1305 1311 N 08 W 64 F    10      
1994 03 24 0630 0759 N 08 W 86 N    80      
1994 03 24 0630 0733 S 16 E 76 F    60      
1994 03 24 1624 1708 N 12 W 90 N   190      
1994 03 25 0627 0652 N 08 W 90 F    80      
1994 03 28 0936 0943 S 17 E 13 F    42      
1994 03 28 1725 1748 S 16 E 24 F    31      
1994 03 28 1738 1755 S 16 E 24 F    31      
1994 03 28 1818 1907 N 09 E 23 F    40      
1994 03 29 0626 0640 N 11 E 18 N   112      
1994 03 29 0909 0913 S 18 W 40 F    20      
1994 03 29 1536 1636 N 09 E 13 F    75      
1994 03 29 1536 1627 N 11 E 14 N   120      
1994 03 30 0801 0848 N 10 E 04 N   102      
1994 03 30 0805 0846 N 10 E 04 F   102      
1994 03 30 0846 0910 N 10 E 04 N    32      
1994 03 30 1737 1758 S 17 W 59 F    16      
1994 04 10 1120 1131 N 10 E 55 F    27      
1994 04 10 1514 1534 N 10 E 52 F    34 B  58
1994 04 10 1522 1533 N 10 E 53 F    39      
1994 04 10 1541 1548 N 10 E 52 F    15      
1994 04 10 1939 1954 N 11 E 51 F    10 B  22
1994 04 10 2108 2122 N 10 E 50 F    14 B  10
1994 04 12 2136 2145 N 08 E 20 F    30      
1994 04 13 1740 1800 N 08 E 09 F    31 B  11
1994 04 14 0832 0845 N 12 E 02 F    20      
1994 04 14 0837 0849 N 07 E 03 F    11      
1994 04 15 1800 1806 N 06 E 73 F    33      
1994 04 16 0734 0743 N 08 E 68 N            
1994 04 16 1336 1344 N 07 E 62 F    16 B  23
1994 04 17 1133 1144 N 09 E 49 F    12 B  10
1994 04 19 1145 1156 S 14 E 27 F    10      
1994 04 19 1244 1306 N 08 E 20 F    18 B  16
1994 04 19 1244 1302 N 08 E 20 F    22      
1994 04 19 1644 1705 N 08 E 85 N   257 C  21
1994 04 19 1650 1705 S 13 E 25 F    15      
1994 04 19 1718 1731 N 08 E 19 F    13      
1994 04 20 1430 1438 N 07 E 07 F    10      
1994 04 20 1838 1852 N 09 E 05 F    14 B  61
1994 04 21 0841 0910 S 14 E 12 N            
1994 04 21 1134 1144 N 06 E 20 F    20      
1994 04 21 1136 1143 N 05 E 21 F    20      
1994 04 21 1358 1451 N 07 E 62 F            
1994 04 21 1400 1447 N 06 E 62 F    49 C  11
1994 04 21 1407 1425 N 05 E 18 F    26      
1994 04 21 1433 1439 N 04 E 18 F    14      
1994 04 21 1435 1439 N 05 E 17 F            
1994 04 21 1454 1502 N 03 E 18 F    17      
1994 04 21 1543 1605 N 05 E 19 F            
1994 04 21 1546 1616 N 04 E 18 F    39      
1994 04 21 1603 1611 N 04 E 17 F            
1994 04 21 1636 1642 N 05 E 17 F    11 B  26
1994 04 21 1914 1917 N 03 E 15 F    14 B  41
1994 04 21 2010 2026 N 06 E 19 F    26      
1994 04 22 0018 0025 N 04 E 14 B   137 C  52
1994 04 22 0018 0029 N 06 E 14 N    81 C  52
1994 04 22 0220 0251 N 06 E 12 F    64      
1994 04 22 0545 0551 S 13 W 05 F    14      
1994 04 22 0624 0636 N 04 E 09 F            
1994 04 22 0629 0633 N 04 E 09 F    21 B  41
1994 04 22 0700 0724 N 07 W 17 F            
1994 04 22 0728 0905 N 05 E 10 F    50      
1994 04 22 0831 1000 N 09 E 50 F   100      
1994 04 22 0834 0840 S 12 E 44 F    20      
1994 04 22 0910 1143 N 05 E 10 F    50      
1994 04 22 1152 1225 N 05 E 10 F   100      
1994 04 23 0641 0648 N 04 W 01 F    11      
1994 04 24 1212 1219 N 07 W 67 F    15 B  13
1994 04 24 2146 2150 N 07 W 71 F    18 B  16
1994 04 24 2147 2156 N 06 W 70 F    26      
1994 04 25 1031 1041 N 06 W 80 F    16      
1994 04 27 1614 1618 N 06 W 63 F    13      
1994 04 28 0817 0829 N 00 W 60 F    20      
1994 04 28 0926 0940 N 07 W 90 F            
1994 04 28 0945 0950 N 07 W 90 F            
1994 04 28 1332 1340 N 00 W 60 F    30      
1994 04 28 1438 1448 N 00 W 60 F    30      
1994 04 28 1600 1617 N 00 W 60 F    20      
1994 04 28 2046 2058 N 01 W 67 F    16      
1994 04 28 2152 2158 N 01 W 67 F    26      
1994 04 28 2229 2234 N 02 W 69 F    14 B  59
1994 04 28 2229 2234 N 04 W 80 F    14      
1994 04 29 0615 0705 N 00 W 72 F    30      
1994 04 29 1254 1300 N 00 W 74 F    10      
1994 04 30 0942 1015 S 01 W 90 F            
1994 04 30 1143 1159 N 01 W 80 F            
1994 04 30 1243 1247 N 01 W 80 F            
1994 05 02 0445 0449 N 05 E 36 F    78      
1994 05 07 1255 1308 S 08 E 31 F    45 B  21
1994 05 07 1257 1301 S 08 E 31 F    10 B  21
1994 05 07 1442 1446 S 07 E 30 F            
1994 05 09 0904 0908 S 10 E 34 F            
1994 05 10 0755 0818 S 10 E 80 N            
1994 05 12 0547 0558 N 06 E 74 F    13 B  27
1994 05 12 0551 0555 N 06 E 73 F            
1994 05 12 0735 0743 N 06 E 72 F            
1994 05 12 1122 1130 S 11 W 08 F            
1994 05 12 1234 1238 N 06 E 70 F            
1994 05 12 1850 1904 N 07 E 67 F    36 B  59
1994 05 13 0607 0644 N 08 E 62 N    80      
1994 05 13 0710 0722 N 05 E 56 N            
1994 05 13 1205 1236 S 07 W 50 F    51 B  50
1994 05 13 2146 2155 N 04 E 50 F    17 B  24
1994 05 14 0009 0020 N 05 E 48 N   178 C  16
1994 05 14 0009 0023 N 03 E 48 F   114 C  16
1994 05 14 1106 1117 N 10 E 47 F    12      
1994 05 15 0929 0933 N 07 E 30 F            
1994 05 15 1728 1733 N 09 E 39 F    19 B  60
1994 05 16 1006 1026 N 10 W 16 F    26 B  53
1994 05 16 1007 1019 N 09 W 17 F            
1994 05 16 1219 1233 N 11 W 18 F    32 B  26
1994 05 16 1801 1806 N 13 W 20 F    13      
1994 05 17 0001 0013 N 10 E 23 F    53      
1994 05 17 0021 0033 N 10 E 24 N    40 B  58
1994 05 17 0022 0029 N 09 E 24 N    42      
1994 05 17 0126 0132 N 10 E 20 F    14 B  39
1994 05 17 0905 0925 S 10 W 70 F            
1994 05 18 1159 1203 N 08 W 12 F    10 B  15
1994 05 18 1338 1412 N 06 W 08 F    48      
1994 05 18 1355 1418 N 07 W 08 F    46 B  54
1994 05 18 1711 1716 N 06 W 09 F    16 B  25
1994 05 18 2116 2126 N 06 W 12 F    15 B  29
1994 05 20 1453 1509 N 10 W 71 F    21      
1994 05 20 1625 1634 N 08 E 32 F    28 B  26
1994 05 20 1626 1633 N 08 E 32 F    28      
1994 05 21 0546 0600 N 09 W 42 F    22 B  27
1994 05 21 1113 1122 N 09 W 46 F    16      
1994 05 21 1256 1306 N 08 W 44 F    20 B  16
1994 05 22 0804 0819 N 14 W 54 F    38 B  19
1994 05 23 0735 0813 N 10 W 04 F    42 B  48
1994 05 23 0735 0813 N 09 W 04 F    42 B  48
1994 05 23 0737 0755 N 13 W 13 N            
1994 05 24 0647 0656 N 07 W 88 N    64      
1994 05 24 1812 1824 N 09 W 23 F    18 B  30
1994 06 01 0917 0929 N 19 E 48 F            
1994 06 06 1105 1113 S 16 W 77 F            
1994 06 06 1129 1141 S 17 W 48 F            
1994 06 06 1149 1205 S 15 W 75 F            
1994 06 06 1209 1214 S 15 W 50 F    15      
1994 06 06 1251 1310 S 16 W 52 F    48      
1994 06 06 1254 1322 S 17 W 51 F            
1994 06 06 1626 1634 S 16 W 54 F    16      
1994 06 06 1630 1635 S 15 W 55 F    14      
1994 06 06 2226 2241 S 15 W 57 F    18      
1994 06 07 0155 0209 S 15 W 59 F    90      
1994 06 07 0604 0653 S 13 W 65 F    50      
1994 06 07 0831 0851 S 17 W 59 N            
1994 06 07 1425 1508 S 16 W 65 F    18      
1994 06 09 0854 0903 S 12 E 57 F            
1994 06 09 1007 1037 S 14 E 67 F    48 C  11
1994 06 09 1145 1148 S 12 E 53 F    12      
1994 06 09 1403 1406 S 12 E 52 F    18      
1994 06 10 0306 0317 S 16 E 51 F    36      
1994 06 10 0307 0319 S 04 W 43 F    51      
1994 06 11 1733 1737 N 08 E 29 F    14 B  18
1994 06 11 1734 1751 N 08 E 29 F    12      
1994 06 12 1049 1118 S 13 E 27 F    33 B  46
1994 06 14 2248 2254 N 12 W 39 F    44      
1994 06 14 2250 2253 N 12 W 37 F    16      
1994 06 15 0837 0846 S 15 W 25 F    50      
1994 06 15 1311 1318 N 13 W 49 F    29      
1994 06 15 1510 1531 S 14 E 44 F    15      
1994 06 15 1522 1526 N 12 W 48 F    22 B  34
1994 06 15 1730 1741 S 12 W 27 F    17      
1994 06 15 1802 1809 N 12 W 48 F    18 B  36
1994 06 16 0041 0044 S 11 W 30 F    20      
1994 06 16 1748 1754 N 12 W 66 F    14 B  41
1994 06 16 1749 1755 N 11 W 65 F    15 B  41
1994 06 16 2338 2346 N 13 W 69 F    36      
1994 06 16 2339 2358 N 16 W 66 N   238      
1994 06 17 0006 0016 S 12 W 42 F    16 B  25
1994 06 17 1144 1154 N 13 W 73 F    49 B  84
1994 06 17 1145 1153 N 13 W 72 F    31 B  84
1994 06 18 2025 2032 S 13 W 01 F    20 B  31
1994 06 19 2257 2303 S 14 E 47 F    15      
1994 06 24 0230 0240 S 11 W 29      32      
1994 06 24 0731 0753 S 14 W 34 F    26 B  44
1994 06 24 0734 0750 S 18 W 38 F            
1994 06 24 0743 0807 S 12 W 31 N            
1994 06 24 1025 1043 S 13 W 35 N   160      
1994 06 27 0755 0810 S 04 E 82 F            
1994 06 29 1324 1350 S 11 E 47 F    33 B  48
1994 06 29 1326 1355 S 12 E 48 N    60      
1994 06 29 1336 1341 S 10 E 47 F    12 B  48
1994 06 29 1437 1503 S 11 E 46 F    16 B  91
1994 06 29 1439 1459 S 12 E 47 F            
1994 06 29 1618 1622 S 11 E 47 F    13 B  20
1994 06 29 2018 2023 S 11 E 44 F    15 B  16
1994 06 29 2144 2216 S 13 E 43 F    36 C  12
1994 06 30 0108 0158 S 10 E 40 N   103      
1994 06 30 0246 0309 S 13 E 38 F    22 C  15
1994 06 30 0407 0423 S 14 E 53 F    11 B  56
1994 06 30 0428 0439 S 12 E 49 F    20      
1994 06 30 0800 0846 S 11 E 36 N    40 C  24
1994 06 30 0800 0831 S 10 E 35 F    44 C  24
1994 06 30 0804 0834 S 12 E 35 F    45      
1994 06 30 0825 0835 S 09 E 36 N            
1994 06 30 0901 0937 S 12 E 35 F            
1994 06 30 1112 1142 S 08 E 36 F            
1994 06 30 1336 1419 S 11 E 32 F    45 B  58
1994 06 30 1337 1421 S 11 E 31 F    46 B  58
1994 06 30 1339 1419 S 11 E 33 F            
1994 06 30 1558 1604 S 11 E 36 F    11      
1994 06 30 1621 1648 S 11 E 31 F    11 B  41
1994 06 30 1806 1829 S 12 E 31 F    25 B  39
1994 06 30 2118 2212 S 12 E 27 B   223 M  25
1994 07 01 0759 0847 S 11 E 23 N    90      
1994 07 01 0801 0806 S 12 E 22 F            
1994 07 01 0851 0909 S 11 E 25 N            
1994 07 02 0501 0513 S 12 E 19 F    18 B  53
1994 07 02 0501 0514 S 10 E 08 F    27      
1994 07 02 0501 0513 S 11 E 06 F    27      
1994 07 02 1110 1122 S 10 E 24 F            
1994 07 02 1152 1158 S 09 E 04 F            
1994 07 02 1445 1453 S 11 E 08 F    23 B  26
1994 07 03 0603 0607 S 07 W 01 F            
1994 07 03 0647 0651 S 08 W 02 F            
1994 07 03 0721 0726 S 07 W 02 F    17 B  15
1994 07 03 0723 0735 S 07 W 02 F            
1994 07 03 1338 1345 S 11 E 08 F    17      
1994 07 03 1451 1529 S 09 W 04 F    81 C  10
1994 07 03 1452 1522 S 09 W 04 F    79      
1994 07 03 1619 1637 S 12 W 09 F    14 B  31
1994 07 04 0934 0942 S 07 W 16 F            
1994 07 04 1134 1142 S 07 W 16 F            
1994 07 05 2107 2114 N 10 E 34 F    12 B  14
1994 07 06 1646 1704 N 09 E 23 F    47 B  79
1994 07 06 1647 1703 N 09 E 23 F    38      
1994 07 06 2342 2359 N 08 E 22 F    35 B  56
1994 07 07 0821 0847 N 10 E 13 N   100      
1994 07 07 0856 0913 N 09 E 16 N    45 B  23
1994 07 07 0856 0910 N 10 E 16 N            
1994 07 07 0953 1023 N 13 E 18 N   312 M  13
1994 07 07 0956 1025 N 13 E 19 N   113 M  13
1994 07 07 1033 1048 N 09 E 15 F    12      
1994 07 07 1108 1118 S 10 W 57 F    31 B  27
1994 07 07 1125 1156 N 11 E 14 F    40 B  21
1994 07 07 1522 1547 N 10 E 11 F    28 B  41
1994 07 07 1524 1554 N 09 E 13 F    50      
1994 07 07 1931 1947 N 10 E 11 F    13 B  82
1994 07 07 2345 2401 N 09 E 23 N    32      
1994 07 08 0537 0542 S 09 W 01 F    10 C  10
1994 07 09 0932 0942 N 10 W 16 F    62 B  16
1994 07 09 0933 0940 N 11 W 13 F    23 B  16
1994 07 09 1848 1905 S 10 W 25 F    33 B  45
1994 07 10 0121 0139 N 12 W 19 F    32      
1994 07 10 0340 0349 S 09 W 31 N   129      
1994 07 10 0344 0353 S 09 W 31 F    58      
1994 07 10 0437 0443 S 09 W 32 F    15 B  17
1994 07 10 0705 0709 N 11 W 22 F            
1994 07 10 0817 0829 S 09 W 33 F            
1994 07 10 1034 1038 S 10 W 34 F            
1994 07 11 0825 0832 S 17 W 46 F            
1994 07 11 0958 0958 S 10 W 49 F            
1994 07 11 1001 1003 S 11 W 48 F    23 B  64
1994 07 11 1135 1146 S 11 E 75 F            
1994 07 12 0913 0941 N 10 W 51 F            
1994 07 12 0915 0933 N 12 W 52 F    63 C  60
1994 07 12 0920 0924 N 11 W 46 N   255      
1994 07 12 2245 2303 N 12 W 61 F    44      
1994 07 13 0021 0025 S 12 E 50 F    17 B  12
1994 07 13 0202 0209 S 13 W 49 F    15 B  12
1994 07 13 1142 1156 N 10 W 66 F    21 B  32
1994 07 13 1645 1715 N 12 W 68 F    79      
1994 07 13 1700 1710 N 12 W 66 F    44      
1994 07 13 2045 2048 S 10 W 82 F    17 B  17
1994 07 13 2215 2235 S 12 E 18 F    18 B  30
1994 07 14 0849 0902 N 11 W 77 F    12 C  19
1994 07 14 0849 0905 N 12 W 72 F            
1994 07 14 1902 1911 N 12 W 84 F    12      
1994 07 14 1957 2007 S 13 E 75 F    34 C  23
1994 07 14 1958 2007 S 13 E 75 F    26      
1994 07 14 2355 2355 S 14 E 73 F    20 B  75
1994 07 15 0021 0033 N 12 W 80 F    25 B  17
1994 07 15 0329 0335 S 11 E 70 F    11 B  70
1994 07 15 0710 0713 S 12 E 69 N    14      
1994 07 15 0710 0713 S 11 E 68 F    14      
1994 07 15 0728 0746 S 17 E 67 F    26 C  11
1994 07 15 1149 1215 N 12 W 82 N    96      
1994 07 15 1251 1323 N 13 W 90 F    52 B  91
1994 07 15 1319 1345 S 13 E 64 F    44      
1994 07 15 1716 1725 N 11 W 16 F    12 C  11
1994 07 16 0642 0646 N 12 E 80 F            
1994 07 16 0741 0748 S 13 E 55 N            
1994 07 16 0835 0855 N 10 E 90 B            
1994 07 16 0849 0902 S 16 E 53 F    32 B  69
1994 07 16 1319 1353 N 12 E 78 F    14 B  30
1994 07 16 1342 1350 N 12 E 75 F    13      
1994 07 16 1629 1632 N 12 E 73 F    16      
1994 07 16 1629 1643 N 12 E 81 F    23      
1994 07 18 1330 1340 S 10 E 72 F    14 C  32
1994 07 19 1151 1221 S 12 E 60 F    18 B  32
1994 07 19 1153 1214 S 13 E 60 F    18      
1994 07 20 0027 0057 S 12 E 52 F    27      
1994 07 20 1323 1349 N 15 E 30 F    77 B  60
1994 07 20 1323 1344 N 17 E 32 N   150      
1994 07 20 1324 1338 N 15 E 28 F    48 B  60
1994 07 21 0450 0501 N 13 E 19 F    16 B  11
1994 07 21 2334 2340 N 12 E 09 F    15      
1994 07 22 1445 1513 S 11 E 14 B    40      
1994 07 22 1448 1456 S 11 E 17 F    14 B  22
1994 07 23 1016 1020 N 13 W 10 F    37 B  25
1994 07 25 1418 1444 N 13 W 38 F    12      
1994 07 25 1418 1446 N 14 W 38 F            
1994 07 26 1240 1317 N 09 W 52 F    30      
1994 07 27 0629 0635 S 03 E 58 F    40      
1994 07 29 0930 0945 S 14 W 80 F            
1994 07 29 1305 1414 S 15 W 75 F    25      
1994 07 29 2023 2031 N 03 E 24 F    16      
1994 07 30 0944 0956 S 06 W 46 F            
1994 07 30 1040 1051 S 05 W 45 F            
1994 08 02 0438 0442 N 02 E 80 F    20      
1994 08 02 0637 0730 N 05 E 90 F   150      
1994 08 02 0721 0747 N 06 E 81 N    16      
1994 08 02 0721 0730 N 07 E 80 F    16      
1994 08 02 1537 1543 N 06 E 76 F    23      
1994 08 06 0538 0556 N 03 E 28 F    53 B  97
1994 08 06 0601 0639 N 04 E 32 F    40      
1994 08 06 1007 1040 N 04 E 28 N    40      
1994 08 06 1015 1031 N 04 E 28 F            
1994 08 06 1222 1234 N 05 E 27 F    15      
1994 08 06 1221 1305 N 04 E 27 N   105 B  71
1994 08 06 1243 1311 N 05 E 26 F    38      
1994 08 06 1254 1302 N 04 E 28 F            
1994 08 06 2056 2108 N 04 E 22 F    10      
1994 08 06 2149 2203 N 04 E 19 F    24 B  24
1994 08 07 1805 1810 N 04 E 07 F    16      
1994 08 07 1933 1949 N 05 E 06 F    13 B  13
1994 08 07 1955 2014 N 04 E 06 F    38 B  24
1994 08 07 1958 2010 N 04 E 06 F    33 B  24
1994 08 08 0821 0827 N 05 W 03 F            
1994 08 08 0912 0921 N 04 W 02 F            
1994 08 09 1022 1030 N 04 W 16 F            
1994 08 10 1218 1242 N 04 W 31 F            
1994 08 11 1844 1850 S 05 E 73 F    31      
1994 08 12 0549 0555 S 12 E 26 F    14 B  22
1994 08 12 0721 0730 S 12 E 26 F    17      
1994 08 12 0723 0729 S 12 E 27 F            
1994 08 12 0725 0735 S 12 E 26 F            
1994 08 12 0710 0716 S 12 E 25 F    20 B  17
1994 08 12 0745 0749 S 14 E 22 N    42   193
1994 08 12 0746 0751 S 12 E 24 F    17      
1994 08 12 1010 1021 S 12 E 24 F    16 B  60
1994 08 12 1010 1016 S 12 E 24 F    16 B  60
1994 08 12 1059 1154 S 13 E 25 N    70      
1994 08 12 2320 2342 S 23 E 13 F    11      
1994 08 12 2329 2352 S 11 E 14 F    12 B  42
1994 08 13 0302 0314 S 13 E 14 F    11      
1994 08 13 0555 0615 S 12 E 13 F    20 B  85
1994 08 13 0808 0830 S 11 E 10 F    16 B  48
1994 08 13 0812 0820 S 10 E 10 F    13      
1994 08 13 1038 1058 S 13 E 14 F            
1994 08 13 1723 1809 S 12 E 06 F    38 C  40
1994 08 13 1726 1803 S 12 E 04 F    33      
1994 08 13 2339 2405 S 12 E 01 N    77   192
1994 08 14 0043 0110 S 12 E 01 N    50 C  18
1994 08 14 0045 0110 S 12 E 01 F    11 C  18
1994 08 14 0111 0302 S 12 E 01 N   110   199
1994 08 14 0338 0420 S 12 W 00 N    26      
1994 08 14 0350 0355 S 12 E 00 F    10      
1994 08 14 0402 0412 S 11 E 01 F    12 B  71
1994 08 14 0559 0626 S 11 W 01 F    43 C  23
1994 08 14 1010 1030 S 11 W 04 F    14 C  10
1994 08 14 1734 1806 S 11 W 08 N   143 M  39
1994 08 14 1734 1806 S 11 W 07 N   115      
1994 08 14 2341 2420 S 12 E 02 F    20      
1994 08 15 0102 0131 S 12 W 12 F    42 C  11
1994 08 15 0244 0256 S 12 W 13 F    24 B  67
1994 08 15 0639 0712 S 11 W 15 F    60 B  84
1994 08 15 0645 0658 S 11 W 15 F    87      
1994 08 15 0702 0703 S 10 W 16 N    35   172
1994 08 15 0840 0850 S 10 W 16 F            
1994 08 15 1241 1345 S 13 W 18 N            
1994 08 15 1635 1643 S 12 W 21 F            
1994 08 15 1719 1734 S 12 W 22 F    18 B  53
1994 08 15 1720 1734 S 11 W 21 F    18 B  53
1994 08 15 2326 2329 S 07 W 29 N    28   181
1994 08 16 0316 0341 S 12 W 27 F    34 B  80
1994 08 16 0935 0943 S 11 W 30 F    11      
1994 08 16 1202 1226 S 13 W 29 F            
1994 08 16 1246 1258 S 11 W 32 F            
1994 08 16 1756 1818 S 12 W 34 F    18 B  41
1994 08 16 1757 1805 S 11 W 35 F    14      
1994 08 17 0103 0132 S 07 W 41 B   279   226
1994 08 17 0107 0153 S 15 W 35 N   235 M  15
1994 08 17 0141 0210 S 05 W 41 N    63   188
1994 08 17 0200 0221 S 13 W 42 N   109      
1994 08 17 1337 1402 S 13 W 48 F    42      
1994 08 17 1954 2010 S 12 W 50 F    31 C  20
1994 08 18 0302 0310 S 10 W 53 F    83 M  11
1994 08 18 0309 0312 S 11 W 53 F    48      
1994 08 18 0315 0319 S 08 W 53 F    18      
1994 08 18 1509 1531 S 10 W 60 F   150      
1994 08 18 2045 2059 S 11 W 66 F    28 C  35
1994 08 18 2335 2350 S 11 E 22 F    20      
1994 08 19 0030 0035 S 09 W 70 F    16 B  48
1994 08 19 0246 0327 S 07 W 68 N   128 M  16
1994 08 19 0247 0346 S 05 W 68 N   187   268
1994 08 19 1358 1402 S 10 W 75 F    50      
1994 08 19 1557 1607 S 10 W 75 F    50      
1994 08 20 0008 0014 S 15 E 05 N    50      
1994 08 20 0019 0024 S 15 E 06 F    46      
1994 08 20 0029 0033 S 15 E 05 F    32      
1994 08 22 0924 0945 N 09 W 26 F    32      
1994 08 23 0713 0718 S 04 W 81 F            
1994 08 23 0714 0719 S 05 W 83 F            
1994 08 23 0715 0730 S 10 E 49 N    80      
1994 08 23 1356 1400 N 04 E 57 F            
1994 08 26 1911 1934 S 08 E 02 F    11 B  13
1994 08 29 1039 1057 S 05 E 90 N            
1994 08 29 1108 1115 S 05 E 90 N            
1994 08 29 2324 2334 S 12 E 84 F    15      
1994 08 30 0038 0103 S 11 E 89 F    70      
1994 08 30 0137 0151 S 10 E 81 F    13 C  17
1994 08 30 0400 0435 S 07 E 81 F   113      
1994 08 30 0823 0839 S 06 E 82 F    39 M  11
1994 08 30 1036 1048 S 08 E 86 F    20 M  14
1994 08 30 1036 1047 S 07 E 90 F            
1994 08 30 1539 1554 S 06 E 78 F    30      
1994 08 30 1603 1616 S 06 E 72 F    80 C  27
1994 08 30 1704 1709 S 08 E 78 F    13      
1994 08 30 1711 1723 S 08 E 77 F    40      
1994 08 30 1740 1748 S 08 E 79 F    12      
1994 08 30 1928 1942 S 08 E 80 F    60 C  62
1994 08 30 1931 1938 S 08 E 78 F    40      
1994 08 31 0104 0117 S 13 E 75 F    22 C  51
1994 08 31 0609 0626 S 08 E 72 F    65 C  18
1994 08 31 0710 0714 S 08 E 71 F    19 C  28
1994 08 31 0711 0713 S 07 E 69 F    19 C  28
1994 08 31 0818 0823 S 10 E 71 N   127      
1994 08 31 0843 0912 S 08 E 69 N    41 B  62
1994 08 31 0849 0905 S 12 E 66 F    31 B  62
1994 08 31 0853 0929 S 03 E 68 N            
1994 08 31 1235 1248 S 08 E 69 F    27 C  31
1994 08 31 1549 1549 S 11 E 73 F            
1994 08 31 1655 1717 S 07 E 66 F    71 C  15
1994 08 31 1722 2043 S 08 E 66 F    41      
1994 08 31 2352 2400 S 10 E 61 F    40 C  15
1994 08 31 2352 2402 S 10 E 63 F    41 C  15
1994 09 01 0733 0737 S 09 E 57 F            
1994 09 01 0821 0831 S 10 E 58 F    24 C  15
1994 09 01 0821 0827 S 11 E 55 F    16      
1994 09 01 0823 0832 S 10 E 60 N            
1994 09 01 0926 0950 S 07 E 55 F            
1994 09 01 0926 0952 S 06 E 55 F    42 C  21
1994 09 01 1006 1014 S 09 E 60 F            
1994 09 01 1118 1122 S 09 E 56 F            
1994 09 01 1135 1200 S 09 E 56 F    62      
1994 09 01 1206 1219 S 07 E 54 F    65 B  18
1994 09 01 1804 1816 N 09 E 53 F    29 C  22
1994 09 02 0040 0042 S 14 E 38 N   131      
1994 09 03 0809 0818 S 10 E 80 F    52 B  81
1994 09 03 0809 0812 S 12 E 81 F    18 B  81
1994 09 03 0854 0912 S 02 E 77 N            
1994 09 03 0856 0912 S 03 E 23 N            
1994 09 03 1146 1152 S 07 E 27 F    15 B  36
1994 09 03 1158 1210 S 02 E 75 F            
1994 09 03 1553 1608 S 08 E 77 F    22 C  68
1994 09 03 1605 1609 S 07 E 78 F    21      
1994 09 04 0117 0120 S 09 E 17 F    14      
1994 09 04 0603 0609 S 08 E 71 F    18 B  63
1994 09 04 0952 0957 S 07 E 69 F            
1994 09 04 1111 1123 S 10 E 67 F            
1994 09 04 1401 1406 S 07 E 65 F    24 B  18
1994 09 05 0052 0101 S 08 E 06 F    18 B  30
1994 09 05 0232 0245 S 10 E 07 F    55 C  11
1994 09 05 0234 0245 S 10 E 10 F    50      
1994 09 05 0412 0418 S 10 E 11 F    11 B  56
1994 09 05 0531 0608 S 09 E 04 F   135 C  60
1994 09 05 0708 0712 S 06 W 02 F            
1994 09 05 0724 0736 S 06 W 03 F    54      
1994 09 05 0725 0735 S 07 W 03 F    54      
1994 09 05 0837 0852 S 08 E 08 N            
1994 09 05 0841 0849 S 10 E 05 F            
1994 09 05 0940 0944 S 11 W 01 F            
1994 09 05 1320 1328 S 06 W 05 F            
1994 09 05 1330 1338 N 04 W 17 F            
1994 09 05 1447 1455 S 09 E 01 F            
1994 09 05 1451 1457 S 09 E 01 F    23 B  18
1994 09 06 0029 0044 S 04 E 10 F            
1994 09 06 0034 0038 S 08 W 08 N    14      
1994 09 06 0032 0124 S 08 W 08 N   398 C  78
1994 09 06 0050 0119 S 08 W 07 N   623      
1994 09 06 0049 0137 S 12 E 07 N   403      
1994 09 06 0056 0138 S 13 E 03 F   332      
1994 09 06 0346 0350 S 08 W 08 F    21 B  29
1994 09 06 0422 0446 S 08 W 18 F    17 B  67
1994 09 06 0631 0644 S 07 E 46 F    48      
1994 09 06 0921 0933 S 09 E 45 F            
1994 09 06 1158 1203 S 08 W 18 F    26 B  33
1994 09 06 1158 1204 S 06 W 18 F    25      
1994 09 06 1220 1226 S 07 E 43 F    24 B  72
1994 09 07 0356 0409 S 07 W 31 F    12 B  45
1994 09 07 1040 1100 S 09 E 20 F            
1994 09 07 1456 1508 S 10 E 19 F    23 B  28
1994 09 07 1457 1502 S 10 E 19 F    28      
1994 09 07 1658 1702 N 10 W 19 F    14      
1994 09 07 2051 2113 N 14 E 13 F    33 B  84
1994 09 07 2243 2254 S 11 E 02 N   134      
1994 09 07 2346 2357 S 05 W 35 F    41 B  21
1994 09 08 0018 0031 S 10 E 18 F    12      
1994 09 08 0028 0038 S 05 W 36 F    33      
1994 09 08 0626 0642 S 11 W 40 F            
1994 09 09 0430 0434 S 10 W 06 N    48      
1994 09 10 0922 0938 N 08 W 53 F    27      
1994 09 10 0945 1003 N 08 W 55 F    23 B  73
1994 09 10 1112 1120 S 09 W 14 F            
1994 09 10 1339 1348 S 09 W 68 F    38      
1994 09 10 1340 1347 S 12 W 68 F    39      
1994 09 11 0129 0205 S 10 W 75 N    46      
1994 09 11 0445 0503 S 09 W 69 F    64      
1994 09 11 0450 0659 S 13 W 73 F    78 C  87
1994 09 11 0516 0530 S 09 W 70 N    48      
1994 09 11 0606 0630 S 09 W 72 F            
1994 09 11 1536 1547 S 13 W 35 F    16 B  28
1994 09 12 0010 0020 S 10 W 90 F    33      
1994 09 12 1109 1130 S 14 W 90 F            
1994 09 17 1154 1205 N 18 E 17 F    18 B  10
1994 09 17 2040 2106 N 17 E 13 N    37 B  40
1994 09 17 2040 2108 N 17 E 13 F    45 B  40
1994 09 18 1805 1822 N 17 E 00 F    15      
1994 09 23 1348 1356 N 15 W 63 F            
1994 09 25 1927 1932 N 04 W 32 N    17 B  13
1994 09 27 1510 1524 S 09 W 55 F    16 B  20
1994 09 27 1845 1856 S 06 W 59 F    11 B  11
1994 10 05 1136 1154 S 07 E 11 N    92 C  30
1994 10 05 1136 1158 S 07 E 12 N    64 C  30
1994 10 05 1137 1146 N 10 E 75 F    10      
1994 10 05 1154 1216 N 10 E 75 F    15      
1994 10 05 1155 1217 S 14 W 59 F    42 C  10
1994 10 05 1156 1212 S 13 W 60 F    50      
1994 10 05 1248 1303 S 13 W 60 F    50      
1994 10 05 1252 1307 S 16 W 57 F    25 C  13
1994 10 05 1255 1255 S 01 W 57 F            
1994 10 05 1309 1333 N 10 E 76 F    10      
1994 10 05 1326 1330 N 12 E 78 F    22 B  42
1994 10 05 1346 1350 S 14 W 57 F            
1994 10 05 1350 1355 N 10 E 74 F    12      
1994 10 05 1522 1530 S 07 E 09 F            
1994 10 05 1616 1632 S 14 W 63 F    40 B  21
1994 10 05 1620 1632 S 15 W 61 F    30 B  21
1994 10 05 1641 1655 S 12 W 62 F    11      
1994 10 05 1807 1814 S 11 W 62 F    18 B  15
1994 10 06 1806 1823 N 11 E 60 F    22      
1994 10 06 1913 1947 S 07 W 07 F    50 C  32
1994 10 07 0530 0538 S 06 W 10 N    28 B  31
1994 10 07 0843 0851 S 08 W 64 F            
1994 10 07 1152 1204 S 09 W 66 F    13      
1994 10 07 1518 1537 S 16 W 15 N    35      
1994 10 07 1520 1621 S 06 W 16 F    38 C  17
1994 10 07 1523 1627 S 06 W 17 F    32      
1994 10 07 1849 1859 S 09 W 72 F    68      
1994 10 08 1140 1149 S 02 E 53 F    11 B  23
1994 10 09 0606 0609 S 08 W 39 F    14 B  18
1994 10 09 0640 0644 S 10 W 48 F    24 B  42
1994 10 09 0640 0645 S 11 W 46 F    26 B  42
1994 10 09 0742 0756 S 12 W 47 F    38      
1994 10 09 0954 1001 S 12 W 49 F    18 B  66
1994 10 09 0955 0955 S 11 W 50 F            
1994 10 09 1117 1144 S 10 W 55 F    10      
1994 10 09 1141 1153 S 11 W 54 F            
1994 10 09 1225 1234 S 11 W 50 F    18 B  48
1994 10 09 1225 1234 S 12 W 51 F    18 B  48
1994 10 09 1248 1256 S 11 W 51 F    28 B  31
1994 10 09 1250 1255 S 12 W 51 F    26      
1994 10 09 1612 1634 S 11 W 54 N   121 C  73
1994 10 10 0607 0613 S 10 W 62 F    33 B  63
1994 10 10 0607 0614 S 12 W 61 F    49 B  63
1994 10 10 0841 0845 S 11 W 62 F            
1994 10 10 1137 1149 S 11 W 67 F            
1994 10 10 1334 1339 S 11 W 69 F    11      
1994 10 10 1433 1440 S 10 W 67 F    40 B  96
1994 10 10 1433 1440 S 07 W 64 F    18      
1994 10 10 1433 1439 S 12 W 67 F    41      
1994 10 11 0256 0300 S 08 W 85 F    54      
1994 10 11 0722 0726 N 10 E 61 F            
1994 10 11 1456 1501 N 12 E 55 F    36 B  38
1994 10 11 1457 1501 N 10 E 47 F    27      
1994 10 12 0934 0946 N 00 W 02 F    32      
1994 10 12 0935 0947 S 01 W 02 F            
1994 10 12 1023 1031 N 08 E 86 F            
1994 10 12 1347 1351 N 08 E 86 F            
1994 10 12 1543 1551 N 09 E 77 F            
1994 10 13 0828 0834 N 10 E 27 F    16      
1994 10 13 0829 0833 N 08 E 27 F            
1994 10 13 1000 1010 N 14 E 67 F    21 B  31
1994 10 13 1245 1258 N 10 E 67 F    20      
1994 10 13 1246 1258 N 10 E 66 F            
1994 10 13 1442 1516 N 11 E 68 F    50      
1994 10 13 1442 1516 N 11 E 68 F   100      
1994 10 13 1445 1516 N 13 E 63 F    68      
1994 10 13 1447 1539 S 02 W 17 F    19      
1994 10 13 1508 1540 S 02 W 18 F    14      
1994 10 13 1512 1536 S 01 W 18 F            
1994 10 13 1522 1539 N 10 E 61 F    29      
1994 10 13 1606 1648 N 08 W 33 F    28 B  37
1994 10 13 1608 1612 N 10 W 34 F            
1994 10 13 1948 2000 N 12 E 60 F    36 B  45
1994 10 14 0925 0937 N 10 E 52 F            
1994 10 14 1120 1211 N 11 E 50 F    61 B  43
1994 10 14 1212 1221 N 10 E 49 F    21      
1994 10 14 1224 1251 N 10 E 50 F    44 B  60
1994 10 14 1229 1249 N 10 E 50 F            
1994 10 14 1406 1419 N 10 E 50 F    14      
1994 10 14 1409 1421 N 10 E 50 F            
1994 10 14 1425 1432 N 07 E 50 F    30      
1994 10 14 1429 1509 N 07 E 45 F            
1994 10 14 2304 2307 N 08 E 41 F    13      
1994 10 14 2343 2352 N 07 E 42 N   113 C  26
1994 10 14 2343 2354 N 08 E 41 F    64 C  26
1994 10 14 2354 2359 N 08 E 41 F    19      
1994 10 15 0327 0336 N 11 E 42 N    29      
1994 10 15 1013 1046 N 11 E 37 N    78 C  28
1994 10 15 1016 1048 N 10 E 39 F            
1994 10 15 1336 1348 S 01 W 48 F            
1994 10 15 1403 1415 N 09 E 37 F    29      
1994 10 15 1406 1416 N 10 E 35 F    10 B  61
1994 10 15 1504 1508 N 11 E 35 F            
1994 10 15 1745 1808 S 03 W 48 F    32      
1994 10 15 1824 1828 N 10 E 34 F    29 B  52
1994 10 15 2236 2241 N 04 E 26 F    37      
1994 10 15 2309 2312 N 04 E 26 F    39      
1994 10 16 0912 0920 N 09 W 13 F            
1994 10 16 0948 1000 S 02 W 57 F            
1994 10 16 1204 1212 N 11 W 14 F            
1994 10 17 0835 0945 N 29 E 12 F    32      
1994 10 18 0706 0717 S 04 E 89 F    64      
1994 10 18 0706 0721 S 09 E 74 N    29      
1994 10 18 1701 1709 N 09 W 08 F    53      
1994 10 18 1714 1735 N 09 W 08 F   116 B  87
1994 10 19 1356 1359 N 09 W 20 F    42      
1994 10 19 2235 2351 N 12 W 24 F   157 M  32
1994 10 21 1114 1123 S 03 E 43 F            
1994 10 22 1025 1035 N 10 W 55 F            
1994 10 22 1057 1132 N 10 W 55 F            
1994 10 22 1110 1207 N 09 W 54 F    35      
1994 10 22 1130 1145 S 15 W 90 F            
1994 10 22 1154 1203 S 15 W 90 F            
1994 10 22 1212 1245 N 08 W 57 F   100 C  13
1994 10 22 1213 1245 N 09 W 58 F   100 C  13
1994 10 22 1401 1415 N 12 W 57 F    20 B  39
1994 10 22 2048 2056 N 12 W 61 F    23      
1994 10 23 0923 1000 N 07 W 70 N            
1994 10 23 1134 1142 N 10 W 77 F    19 C  31
1994 10 25 0951 1210 S 08 W 13 B   400      
1994 10 25 0940 1236 S 08 W 12 N    90 C  47
1994 10 25 1008 1009 S 06 W 11 F    90 C  47
1994 10 25 1100 1140 N 12 E 87 F            
1994 10 26 1805 1856 N 15 E 64 F    35 B  58
1994 10 26 2006 2024 N 15 E 64 F    33      
1994 10 27 0925 0933 S 10 E 73 F            
1994 10 27 0928 0935 S 10 E 10 F    10      
1994 10 28 1846 1900 N 16 E 40 F    23 B  57
1994 10 29 0433 0448 N 14 E 34 N    66 C  13
1994 10 29 0435 0455 N 14 E 32 N    80      
1994 10 29 1136 1217 N 17 E 27 F    22 B  90
1994 10 29 1230 1240 N 16 E 26 F    22 B  45
1994 10 29 1425 1448 N 14 E 24 F    20 B  76
1994 10 29 1556 1609 N 17 E 27 F    18      
1994 10 29 1812 1819 N 16 E 25 F    21 B  61
1994 10 29 2044 2108 N 17 E 25 F    31      
1994 10 30 1845 1908 N 18 E 13 F    23 B  39
1994 10 30 1920 1940 N 17 E 12 F    11      
1994 10 31 0652 0703 N 15 E 04 F    16 B  81
1994 10 31 0700 0715 N 15 E 04 N            
1994 10 31 1245 1257 N 14 E 01 F    14 B  37
1994 10 31 1718 1728 N 15 W 01 F    10 B  15
1994 10 31 1909 1918 S 10 E 09 F    11 B  21
1994 10 31 1953 2004 N 17 W 02 F    16 B  29
1994 10 31 1953 2002 N 17 W 02 F    19      
1994 11 01 0629 0634 N 14 W 05 F    10      
1994 11 01 2019 2037 N 14 W 16 F    31 B  30
1994 11 02 1054 1121 N 13 W 26 F    62 B  46
1994 11 02 1555 1558 N 17 W 26 F    13 B  13
1994 11 02 2015 2052 N 17 W 29 F    66 B  83
1994 11 03 0833 0857 S 10 E 18 F    32      
1994 11 08 0233 0301 S 04 E 90              
1994 11 08 0647 0707 S 04 E 90              
1994 11 08 0824 0832 S 04 E 85 F            
1994 11 08 0948 1000 S 04 E 85 F            
1994 11 08 0948 0956 S 04 E 85 F            
1994 11 08 1159 1219 S 04 E 85 F            
1994 11 08 1848 1909 S 01 E 78 F    13 B  14
1994 11 09 1439 1450 S 12 W 70 F    36      
1994 11 13 1141 1320 N 15 E 10 F    38      
1994 11 13 1209 1342 N 15 E 09 F    32 C  12
1994 11 18 1058 1121 S 13 W 67 F    27      
1994 11 18 1509 1539 S 12 W 68 F    15      
1994 11 18 1532 1541 S 11 W 68 F    12      
1994 11 20 1149 1156 S 06 W 80 F    35      
1994 11 20 1149 1157 S 04 W 76 F            
1994 11 24 1217 1229 N 13 E 36 F            
1994 11 26 0923 0946 S 16 W 04 F    55 C  12
1994 11 26 0927 0942 S 16 W 05 F    20 C  12
1994 11 26 1122 1138 S 16 W 09 F            
1994 11 26 1515 1523 S 16 W 11 F    14 B  19
1994 11 26 1515 1523 S 17 W 12 F    16      
1994 11 26 1543 1551 S 17 W 10 F    10 B  34
1994 11 26 1645 1657 S 17 W 10 F    76 C  20
1994 11 26 1645 1657 S 17 W 11 F    61 C  20
1994 11 26 1743 1747 S 16 W 13 F    19 B  25
1994 11 26 1851 1906 S 17 W 15 F    23      
1994 11 26 1902 1905 S 17 W 13 F    22 B  87
1994 11 26 2018 2035 S 17 W 16 F    29      
1994 11 27 0415 0421 S 14 W 20 F    14 C  12
1994 11 27 1614 1633 S 16 W 26 N   169 C  22
1994 11 27 1719 1724 S 16 W 24 F    12 B  22
1994 11 27 2303 2312 S 17 W 21 F    16 B  22
1994 11 28 0619 0625 S 15 W 28 F    13 B  72
1994 11 28 1030 1042 S 18 W 34 F    19      
1994 11 29 2216 2240 S 16 W 51 F    31 B  35
1994 11 30 0906 1044 S 17 W 60 N    47      
1994 11 30 0925 1056 S 17 W 62 B    80      
1994 11 30 0957 1010 S 15 W 61 F    15      
1994 11 30 1058 1136 N 14 W 44 F    62 B  43
1994 11 30 1142 1224 S 17 W 61 F    34 B  38
1994 11 30 1148 1224 S 17 W 61 F            
1994 11 30 1223 1312 S 18 W 61 F    14      
1994 11 30 1231 1249 S 18 W 61 F    10      
1994 11 30 1250 1311 S 18 W 61 F    18      
1994 11 30 1447 1454 S 17 W 62 F    34 B  45
1994 11 30 1503 1518 S 17 W 63 F    17      
1994 11 30 1803 1807 S 17 W 66 F    15 B  32
1994 11 30 1929 1936 S 18 W 66 F    20 B  74
1994 11 30 1930 1934 S 17 W 66 F    19      
1994 11 30 2007 2017 S 17 W 66 F    16 B  14
1994 12 01 1228 1246 S 16 W 70 F    20 B  12
1994 12 01 1229 1253 S 15 W 69 F            
1994 12 01 1305 1309 S 17 W 73 F            
1994 12 02 0827 0843 S 19 W 76 F            
1994 12 02 2053 2104 N 08 E 82 F    33      
1994 12 03 1002 1008 N 07 E 75 F            
1994 12 03 1228 1400 N 08 E 75 F            
1994 12 03 1235 1402 N 09 E 71 F    51 B  74
1994 12 04 1250 1326 N 07 E 59 F    49 B  75
1994 12 04 1722 1742 S 09 E 70 F    31 B  44
1994 12 05 0519 0523 S 15 E 62 N    61      
1994 12 05 1227 1230 S 07 E 64 F    10      
1994 12 06 0931 0951 S 16 E 81 F            
1994 12 07 0442 0524 S 10 E 41 F    34 B  83
1994 12 07 1758 1832 S 16 E 58 F    43 B  85
1994 12 07 1759 1830 S 16 E 59 F    31 B  85
1994 12 07 2231 2254 S 16 E 54 F    17 B  45
1994 12 08 0817 0845 S 11 E 77 F            
1994 12 08 0909 0913 S 11 E 76 F            
1994 12 08 1149 1237 S 11 E 76 F            
1994 12 08 1539 1549 S 10 E 71 F    13      
1994 12 08 1557 1612 S 10 E 70 F    25 B  18
1994 12 08 1646 1730 S 10 E 70 F    16 B  65
1994 12 08 1708 1720 S 10 E 69 F    18      
1994 12 08 1800 1822 S 10 E 68 F    12      
1994 12 08 1916 1953 S 09 E 68 F    44 B  99
1994 12 08 2114 2122 S 11 E 66 F    11      
1994 12 08 2245 2314 S 15 E 57 F    25 B  32
1994 12 09 0207 0222 S 13 E 66 F   174 C  15
1994 12 09 1201 1244 S 14 E 34 F    45 B  54
1994 12 09 1201 1244 S 15 E 35 F    46 B  54
1994 12 09 1424 1436 S 19 E 34 F    32 B  30
1994 12 10 0952 0956 S 12 E 44 F            
1994 12 10 1203 1237 S 11 E 45 F    14      
1994 12 10 1421 1423 S 11 E 40 F    30 B  27
1994 12 10 2009 2014 S 11 E 40 F    21 B  37
1994 12 11 0024 0034 S 13 E 38 F    27      
1994 12 11 0329 0345 S 12 E 35 F    27 C  10
1994 12 11 0854 0936 S 11 E 29 F    18      
1994 12 11 0949 0957 S 10 E 31 F    53      
1994 12 11 0952 1000 S 12 E 30 F            
1994 12 11 1115 1137 S 10 E 32 F    21 B  27
1994 12 11 1220 1225 S 11 E 31 F    12      
1994 12 11 2210 2216 S 13 E 27 F    26      
1994 12 12 0324 0327 S 12 E 22 F    24 B  75
1994 12 12 0328 0331 S 12 E 22 F    20      
1994 12 12 0352 0355 S 12 E 21 F    22      
1994 12 12 0638 0706 S 10 E 18 F   146 C  48
1994 12 12 0912 0918 S 10 E 17 F    30      
1994 12 12 0948 0949 S 10 E 15 F    12 C  14
1994 12 12 1004 1039 S 10 E 18 F    48 C  12
1994 12 12 1049 1106 S 10 E 17 F    52 C  17
1994 12 12 1121 1137 S 10 E 17 F    25 C  13
1994 12 12 1154 1214 S 11 E 15 F            
1994 12 12 1207 1242 S 10 E 16 F    22 B  83
1994 12 12 1222 1238 S 11 E 17 F            
1994 12 12 1252 1342 S 10 E 15 F    22 C  13
1994 12 12 1254 1314 S 11 E 14 F            
1994 12 12 1334 1352 S 10 E 16 F    27      
1994 12 12 1335 1354 S 10 E 15 F    27      
1994 12 12 2214 2218 S 11 E 13 F    31      
1994 12 13 0503 0508 S 11 E 04 F    33 B  43
1994 12 13 0706 0723 S 17 W 17 F    10      
1994 12 13 0900 0911 S 10 E 05 N    50      
1994 12 13 0901 0907 S 11 E 04 F    18 B  65
1994 12 13 1502 1526 S 09 E 03 F    22 B  40
1994 12 14 0003 0016 S 10 W 01 F    34      
1994 12 14 0541 0554 S 10 W 07 N   105 M  25
1994 12 15 0944 0959 S 10 W 23 F    12 B  36
1994 12 15 0948 0950 S 09 W 24 F    12 B  36
1994 12 16 1252 1325 N 05 E 90 F            
1994 12 16 1337 1500 N 05 E 90 F            
1994 12 16 1337 1500 N 05 E 90 F            
1994 12 16 1337 1500 N 05 E 90 F            
1994 12 16 1749 1801 N 01 E 90 F    10      
1994 12 16 1804 1816 N 01 E 90 F    37 B  65
1994 12 16 1938 1938 S 11 W 38 F    14      
1994 12 16 2218 2246 S 10 W 41 N   103 C  12
1994 12 17 0945 0958 N 02 E 82 F            
1994 12 17 0946 0958 N 05 E 80 F            
1994 12 17 1011 1020 N 06 E 80 F            
1994 12 17 1106 1123 N 02 E 82 F    56 C  18
1994 12 17 1107 1122 N 02 E 79 F    56 C  18
1994 12 17 1810 1816 S 14 W 45 F    15      
1994 12 18 0648 0653 S 02 E 64 F    30 B  55
1994 12 18 1036 1054 N 00 E 62 F   112 B  30
1994 12 18 1038 1055 N 00 E 62 F   112 B  30
1994 12 18 1140 1156 N 02 E 60 F    12      
1994 12 18 1142 1155 N 02 E 60 F    12      
1994 12 18 1331 1403 N 01 E 60 F    20      
1994 12 18 1336 1347 N 02 E 63 F    17      
1994 12 18 1352 1402 N 02 E 63 F    19      
1994 12 18 1444 1512 N 01 E 59 N    86 C  12
1994 12 18 1448 1502 N 01 E 57 N    97      
1994 12 18 1738 1748 S 01 E 59 F    14      
1994 12 19 0436 0446 S 03 E 50 B   193      
1994 12 19 0909 0913 N 04 E 47 F    23 B  23
1994 12 19 0918 0922 S 13 W 81 F    14      
1994 12 19 1040 1047 N 03 E 47 F            
1994 12 21 1659 1702 N 01 E 16 F    24 B  14
1994 12 21 1659 1703 N 00 E 16 F    27 B  14
1994 12 21 1952 1956 N 04 E 15 F    15 B  12
1994 12 21 2100 2116 S 01 E 14 F    22 B  53
1994 12 21 2048 2051 N 01 E 18 F    18 B  20
1994 12 21 2318 2323 S 01 E 12 F    10 B  16
1994 12 22 0006 0012 N 01 E 17 F    19 B  24
1994 12 22 2238 2259 N 00 E 01 F    48 B  30
1994 12 22 2249 2311 N 00 W 02 F    44      
1994 12 24 0642 0647 S 02 W 18 F    94      
1994 12 24 0659 0711 S 04 W 18 F    17      
1994 12 24 1012 1017 S 03 W 24 F            
1994 12 25 0150 0201 S 04 W 17 F    15      
1994 12 25 0646 0702 S 03 W 21 F    16 B  89
1994 12 25 1027 1055 S 03 W 36 F            
1994 12 26 0043 0054 S 02 W 30 F    37 B  93
1994 12 26 0139 0156 N 00 W 42 F    26 B  59
1994 12 26 0941 0945 S 04 W 34 F            
1994 12 27 1046 1056 S 03 W 61 F    19      
