1995 01 02 1953 2016 S 12 W 74 F    52 B  94
1995 01 02 2001 2015 S 12 W 73 F    75 B  94
1995 01 03 0400 0404 S 11 W 81 F    74 C  29
1995 01 15 1830 1845 S 07 E 42 F    29      
1995 01 15 1833 1900 S 07 E 42 F    26      
1995 01 16 1848 1912 S 05 E 27 F    12 B  28
1995 01 18 0928 0944 S 08 E 07 F            
1995 01 18 1732 1806 S 03 E 01 F    43 C  12
1995 01 20 0300 0320 N 08 E 60 N   110 C  12
1995 01 20 0301 0309 N 09 E 61 F    34 C  12
1995 01 20 0729 0733 N 09 E 59 F    37 C  11
1995 01 20 0933 0936 N 11 E 55 F            
1995 01 20 1410 1417 S 10 E 46 F    11 B  44
1995 01 20 1638 1649 S 10 E 47 F    51 B  73
1995 01 20 1718 1736 N 13 E 51 F    51 B  62
1995 01 20 1758 1806 N 13 E 51 F    22 B  51
1995 01 20 1809 1901 N 13 E 52 F    40      
1995 01 21 0756 0811 N 09 E 43 F    54 C  45
1995 01 21 0824 0907 N 12 E 45 F   110      
1995 01 21 1330 1339 N 15 E 43 F    25 B  65
1995 01 21 1547 1602 N 12 E 38 F    25 B  46
1995 01 21 1633 1639 N 12 E 38 F    12 B  47
1995 01 21 1654 1704 N 12 E 38 F    12      
1995 01 21 1710 1812 N 12 E 37 F    26      
1995 01 21 1927 1956 N 14 E 38 F    95 C  23
1995 01 22 1740 1747 N 13 E 27 F    12 B  19
1995 01 22 1740 1747 N 12 E 28 F    12 B  19
1995 01 23 0012 0019 N 12 E 19 F    31 B  56
1995 01 23 1253 1332 S 14 E 10 N   121      
1995 01 23 1334 1350 S 14 E 10 F    14 B  81
1995 01 23 1541 1557 S 13 E 08 F    31 B  32
1995 01 23 2329 2333 S 16 E 03 F    16 B  40
1995 01 24 0932 1008 S 15 W 02 F    98 B  55
1995 01 24 0932 1002 S 14 W 02 F    47      
1995 01 24 1047 1116 S 15 W 02 N   170 C  72
1995 01 24 1048 1103 S 15 W 01 N   231 C  72
1995 01 24 1225 1236 S 16 W 02 F    10      
1995 01 24 1225 1229 S 17 W 05 F            
1995 01 24 1648 1755 S 12 W 07 F    34 B  85
1995 01 24 1915 1922 S 13 W 06 F    17      
1995 01 24 2231 2308 S 12 W 06 F    51 B  74
1995 01 24 2316 2324 S 07 W 79 F    31      
1995 01 25 1223 1231 S 13 W 15 F    13 B  37
1995 01 25 1525 1547 N 12 W 13 N   100      
1995 01 26 0723 0816 S 17 W 25 N   125 C  22
1995 01 26 0745 0800 S 13 W 24 N   541      
1995 01 26 0756 0807 S 14 W 28 F    63      
1995 01 26 1000 1013 S 14 W 28 F    26 B  53
1995 01 26 1000 1016 S 14 W 26 F            
1995 01 26 1641 1708 S 13 W 32 F    21      
1995 01 26 1643 1654 N 11 W 31 F    11 B  25
1995 01 26 1848 1919 S 13 W 33 F    52 C  11
1995 01 26 2007 2034 N 10 W 34 F    23      
1995 01 27 0445 0449 N 12 W 36 F    18 B  28
1995 01 27 1537 1600 S 16 W 43 F    70      
1995 01 27 1909 1944 S 14 W 44 N   145 C  17
1995 01 27 1931 2008 N 14 W 44 F    35      
1995 01 27 2002 2030 S 13 W 48 N   149 C  24
1995 01 28 0211 0215 S 13 W 49 F    17 B  66
1995 01 28 0230 0248 S 14 W 51 F    70 B  64
1995 01 28 0233 0252 S 13 W 50 F    70 B  64
1995 01 28 0830 0842 S 21 W 19 F    14 B  15
1995 01 28 2025 2048 N 10 W 60 F   175 B  53
1995 01 29 0957 1000 S 17 E 67 F    11      
1995 01 29 1052 1056 S 13 E 83 F            
1995 01 29 1248 1256 S 18 E 68 F    22      
1995 01 29 1249 1257 S 19 E 67 F    32      
1995 01 29 1517 1525 S 19 E 66 F    11      
1995 01 29 1603 1620 S 19 E 66 F    17      
1995 01 29 2024 2031 S 18 E 64 F    27 B  24
1995 01 29 2025 2030 S 19 E 64 F    21      
1995 01 29 2125 2130 S 19 E 63 F    13      
1995 01 30 0112 0118 S 16 E 87 F   136 C  28
1995 01 30 1157 1222 S 20 W 49 F    25 B  92
1995 01 30 1445 1514 S 19 W 52 F    34      
1995 01 30 1636 1649 S 20 W 52 F    46 C  27
1995 01 30 1904 1917 S 20 W 54 F    50 C  48
1995 01 30 1925 1936 S 13 E 75 F    15      
1995 01 30 1927 1943 S 18 W 58 F    18      
1995 01 30 2000 2008 S 15 E 71 F    12      
1995 01 30 2110 2128 S 19 W 58 F    15 C  15
1995 01 31 0217 0238 S 20 W 59 N    54      
1995 01 31 0954 1018 S 19 W 63 F            
1995 01 31 1102 1106 S 12 E 68 F            
1995 01 31 1114 1118 S 13 E 68 F            
1995 01 31 1201 1224 S 16 E 68 F   122 B  63
1995 01 31 1233 1239 S 15 E 66 F    12      
1995 01 31 1358 1407 S 15 E 63 F    22      
1995 01 31 1359 1404 S 17 E 64 F    15      
1995 01 31 1540 1603 S 19 W 68 F    39 C  27
1995 01 31 1548 1609 S 18 W 70 F    48 C  27
1995 01 31 1638 1644 S 15 E 60 F    24      
1995 01 31 1736 1740 S 16 E 60 F    21 B  28
1995 01 31 1819 1823 S 15 E 63 F    13 B  32
1995 01 31 1924 1930 S 14 E 63 F    39 B  68
1995 01 31 2059 2112 S 17 E 59 F   147 C  13
1995 02 01 0055 0108 S 13 E 55 B   153      
1995 02 01 0738 0741 S 18 W 74 F    13      
1995 02 01 0808 0817 S 17 E 55 F    13      
1995 02 01 0818 0835 S 14 E 53 N   104 C  77
1995 02 01 0820 0834 S 13 E 52 B   100      
1995 02 01 0831 0835 S 14 E 53 N    56      
1995 02 01 0850 0903 S 18 W 80              
1995 02 01 0850 0909 S 18 W 80              
1995 02 01 0856 0924 S 20 W 76 N            
1995 02 01 0924 0933 S 17 E 54 F    55      
1995 02 01 0925 0933 S 17 E 53 F    56      
1995 02 01 0928 0940 S 18 W 80              
1995 02 01 0930 0944 S 20 W 77 F    23      
1995 02 01 0943 0947 S 14 E 53 F    26      
1995 02 01 0943 0947 S 17 E 54 F    20      
1995 02 01 1128 1132 S 14 E 53 F    18      
1995 02 01 1128 1133 S 16 E 54 F    18      
1995 02 01 1152 1159 S 17 W 80 F    33 C  13
1995 02 01 1228 1233 S 11 E 52 F    10      
1995 02 01 1230 1234 S 11 E 51 F    10      
1995 02 01 1356 1404 S 10 E 75 F    20      
1995 02 01 1358 1402 S 08 E 75 F            
1995 02 01 1424 1437 S 18 W 81 F    41 C  16
1995 02 01 1426 1434 S 20 W 79 F            
1995 02 01 1635 1700 S 17 W 84 F    19      
1995 02 01 1721 1812 S 17 W 82 F    34      
1995 02 01 1745 1831 S 09 E 72 F    20      
1995 02 01 1813 1832 S 17 W 82 F    18      
1995 02 01 2000 2020 S 19 W 90 F    43 B  89
1995 02 02 0751 0809 S 13 E 37 F    13      
1995 02 02 1254 1328 S 14 E 35 N    67      
1995 02 03 0137 0213 S 14 E 29 B   337 M  43
1995 02 03 0138 0214 S 14 E 32 B   290 M  43
1995 02 03 1219 1318 S 14 E 28 F   111 C  10
1995 02 03 1219 1327 S 14 E 27 F   124 C  10
1995 02 03 1650 1712 S 14 E 20 F    34 C  13
1995 02 03 1650 1713 S 14 E 20 F    34 C  13
1995 02 04 0232 0246 S 16 E 16 N   206      
1995 02 04 0542 0603 S 15 E 17 F   102 C  21
1995 02 04 1541 1639 S 16 E 10 B   288 M  26
1995 02 04 1542 1639 S 16 E 09 B   268 M  26
1995 02 05 1327 1330 S 13 W 04 F    13      
1995 02 05 1348 1459 S 13 W 02 N   157 C  51
1995 02 05 1349 1531 S 12 W 04 N   149 C  51
1995 02 05 1551 1610 S 12 W 04 F    36 C  11
1995 02 05 1552 1603 S 13 W 04 F    14      
1995 02 06 0651 0703 S 11 W 16 N   102      
1995 02 06 0714 0734 S 14 W 10 F            
1995 02 06 0810 0822 S 14 W 11 F            
1995 02 06 0902 0921 S 10 W 30 F    18      
1995 02 06 0905 0921 S 09 W 32 F    18      
1995 02 06 0911 0924 S 13 W 13 F    23      
1995 02 06 0917 0929 S 13 W 13 F            
1995 02 06 0948 0951 S 14 W 13 F    28 B  37
1995 02 06 1300 1312 S 13 W 17 F            
1995 02 06 1310 1334 S 12 W 17 F    32 B  29
1995 02 06 1316 1340 S 14 W 15 F            
1995 02 06 1403 1431 S 11 W 18 N    68 C  20
1995 02 06 1613 1621 S 12 W 16 F    25 B  40
1995 02 07 0734 0739 S 12 W 28 F    20 B  27
1995 02 07 1233 1303 S 14 W 28 F    33 B  62
1995 02 07 1234 1302 S 15 W 28 F            
1995 02 07 1908 1921 S 19 W 27 F    42 B  39
1995 02 08 0024 0043 S 12 W 36 N            
1995 02 08 0958 1011 S 17 W 35 F            
1995 02 09 1824 1850 S 13 W 58 F    15 B  59
1995 02 11 1159 1218 N 10 E 45 F            
1995 02 11 1446 1456 N 09 E 43 F    25 B  11
1995 02 12 1229 1237 N 12 E 32 F    19      
1995 02 13 1304 1308 N 08 E 19 F            
1995 02 14 0125 0128 N 07 E 12 F    24 B  16
1995 02 15 1208 1217 S 12 E 66 F    44 B  12
1995 02 15 1210 1217 S 13 E 66 F    44 B  12
1995 02 16 2058 2104 S 14 E 60 F    16 B  14
1995 02 17 0748 0816 S 11 E 54 F    20      
1995 02 17 0829 0840 S 11 E 54 F    12      
1995 02 17 1017 1021 S 13 E 54 F            
1995 02 17 2042 2058 S 14 E 48 F    44 B  47
1995 02 18 0919 0935 S 10 E 31 F    15 B  24
1995 02 18 1142 1153 S 13 E 39 F    26 B  18
1995 02 18 1159 1308 S 14 E 39 F    87 C  33
1995 02 18 1825 1829 S 14 E 36 F    13      
1995 02 19 0019 0030 N 10 E 44 F    20 B  75
1995 02 19 0021 0029 N 09 E 46 F    14      
1995 02 19 0344 0349 S 15 E 28 F    80 B  35
1995 02 19 0432 0442 S 15 E 27 F    17      
1995 02 19 0946 0952 S 15 E 26 F    13 C  11
1995 02 19 1116 1120 S 13 E 27 F            
1995 02 19 1308 1320 S 14 E 21 F            
1995 02 19 1344 1416 S 15 E 22 F            
1995 02 19 1634 1705 S 13 E 21 F    54 C  14
1995 02 19 2048 2112 S 13 E 19 F    30 B  71
1995 02 19 2131 2203 S 14 E 19 F    61 C  17
1995 02 19 2322 2352 S 14 E 22 F    45 B  56
1995 02 19 2343 2353 S 13 E 19 F    64 C  34
1995 02 20 0057 0126 S 17 E 12 N   238 C  39
1995 02 20 0154 0207 S 14 E 12 F    38      
1995 02 20 0155 0206 S 15 E 19 N   149 C  25
1995 02 20 0215 0227 S 14 E 17 F    15      
1995 02 20 0313 0341 N 10 E 32 N    78 M  11
1995 02 20 0314 0346 N 09 E 34 N    55      
1995 02 20 0422 0430 S 15 E 15 F   103      
1995 02 20 0448 0455 S 16 E 16 F    11      
1995 02 20 0457 0513 S 16 E 15 F   141 B  64
1995 02 20 0846 0852 S 16 E 13 F    68      
1995 02 20 0846 0932 S 12 E 12 F    43 C  11
1995 02 20 0909 0920 S 16 E 13 F    18      
1995 02 20 0924 0930 S 16 E 13 F    11      
1995 02 20 0935 0946 S 11 E 15 F    18      
1995 02 20 1019 1039 S 14 E 10 F            
1995 02 20 1055 1211 S 13 E 13 F            
1995 02 20 1727 1739 S 14 E 07 F    23 B  47
1995 02 21 0250 0256 S 14 E 02 F    38 C  13
1995 02 21 0720 0801 N 14 E 15 N    53 C  32
1995 02 21 0734 0738 N 12 E 14 N   134      
1995 02 22 0402 0414 S 13 W 12 F    26 B  69
1995 02 23 0942 0950 S 14 W 30 F    23 B  13
1995 02 25 1145 1153 S 14 W 64 F            
1995 02 26 0715 0852 S 15 E 68 F   118 B  37
1995 02 28 0623 0634 S 16 E 43 F    21 B  87
1995 02 28 0634 0637 S 16 E 43 F    23      
1995 03 03 1227 1235 S 14 W 19 F            
1995 03 03 1431 1443 S 15 W 19 F            
1995 03 03 1539 1551 S 14 W 25 F            
1995 03 03 1948 1959 S 14 W 08 F    61 C  13
1995 03 04 0149 0203 S 09 W 13 F    18      
1995 03 05 0621 0626 S 13 W 41 F    10 B  45
1995 03 06 0822 0918 S 14 W 58 N   106 C  35
1995 03 06 0823 0901 S 12 W 57 F    77      
1995 03 07 1811 1820 S 20 W 55 F    17      
1995 03 07 2233 2248 S 19 W 63 F    68 B  45
1995 03 08 0407 0422 S 14 W 63 F    19      
1995 03 08 0424 0430 S 14 W 64 F    33 C  14
1995 03 08 0431 0436 S 14 W 65 F    19      
1995 03 08 0645 0655 S 15 W 71 F    39      
1995 03 08 0704 0710 S 17 W 72 F    43      
1995 03 08 0704 0710 S 17 W 71 F    50      
1995 03 08 0831 0835 S 17 W 72 F            
1995 03 08 0911 0923 S 16 W 63 F            
1995 03 08 1139 1151 S 17 W 67 F            
1995 03 08 1233 1237 S 13 W 70 F    17      
1995 03 08 1233 1237 S 12 W 70 F    22      
1995 03 08 1711 1726 S 16 W 68 F    86 C  14
1995 03 09 0247 0251 S 12 W 76 F    28 B  41
1995 03 14 1654 1714 S 18 E 86 F    19 B  17
1995 03 14 1936 1957 S 18 E 81 F    25 B  18
1995 03 15 1525 1533 S 14 E 74 F            
1995 03 15 1808 1818 S 14 E 70 F    21 B  50
1995 03 15 1808 1819 S 15 E 68 F    20 B  50
1995 03 16 1102 1120 S 16 E 60 F    21 B  29
1995 03 16 1216 1223 S 15 E 56 N    74      
1995 03 16 1339 1350 S 13 E 60 F    19 B  91
1995 03 16 1408 1526 S 12 E 58 N   150 C  48
1995 03 16 1413 1526 S 13 E 58 N   138 C  48
1995 03 18 1920 1943 S 16 E 16 F    26 B  54
1995 03 20 1054 1122 S 16 E 01 F    22      
1995 03 20 1125 1130 S 15 E 00 F    12      
1995 03 20 1134 1146 S 16 W 01 F    26      
1995 03 20 1213 1233 S 16 E 05 F    16      
1995 03 20 1236 1258 S 16 W 02 F    13      
1995 03 20 1259 1305 N 12 E 19 F    11      
1995 03 20 1409 1454 S 16 W 02 F            
1995 03 20 1709 1716 S 17 W 02 F    11 B  27
1995 03 20 1734 1827 S 15 E 06 F    99 C  10
1995 03 20 2008 2019 S 13 W 01 F    18 B  50
1995 03 21 0009 0031 N 16 E 39 F    16 B  34
1995 03 21 1241 1300 S 16 W 08 F    23 B  22
1995 03 21 1242 1301 S 16 W 09 F    19      
1995 03 21 2022 2025 S 16 W 11 F    10 B  42
1995 03 21 2318 2326 S 15 W 14 F    22 B  89
1995 03 22 0016 0025 S 16 W 16 F    10 B  62
1995 03 22 0138 0144 S 15 W 14 F    15 B  95
1995 03 22 1405 1440 S 15 W 22 F   125 C  43
1995 03 22 1412 1445 S 16 W 23 F            
1995 03 23 1049 1057 S 17 W 33 F            
1995 03 23 1539 1602 S 17 W 38 F    25 B  47
1995 03 24 1207 1218 S 16 W 46 F    12 B  44
1995 03 24 1207 1214 S 16 W 46 F    12 B  44
1995 03 24 2001 2009 S 16 W 49 F    39      
1995 03 24 2143 2152 S 14 W 52 F    14 B  27
1995 03 24 2143 2152 S 14 W 52 F    18      
1995 03 25 2348 2402 S 14 W 66 F    20 B  45
1995 03 26 0647 0656 S 07 E 49 F    29 B  30
1995 03 26 0924 0939 S 07 E 47 F    53      
1995 03 26 0925 0929 S 07 E 47 F            
1995 03 26 1305 1310 S 08 E 46 F    14      
1995 03 26 1328 1347 S 08 E 45 F    36 B  35
1995 03 26 1329 1344 S 08 E 46 F    34 B  35
1995 03 26 1540 1621 S 11 E 37 N   100      
1995 03 26 1607 1617 S 16 E 36 F    53 C  13
1995 03 26 1541 1557 S 07 E 46 F    46 C  10
1995 03 27 1015 1048 S 14 E 27 F    12 B  22
1995 03 27 1218 1222 S 14 E 26 F    15      
1995 03 27 1541 1547 S 14 E 28 F    15 B  34
1995 03 27 1858 1902 S 18 W 84 F    13      
1995 03 27 1841 1949 S 15 E 24 F    52 B  92
1995 03 27 1928 1933 S 10 E 28 F    15      
1995 03 28 0132 0142 S 15 E 22 F    19 C  22
1995 03 28 2133 2202 S 15 E 06 F    35 B  43
1995 03 28 2331 2339 S 15 E 05 F    50      
1995 03 28 2349 2354 S 16 E 08 F    85 B  16
1995 03 29 0006 0008 S 15 E 08 F    33 B  18
1995 03 29 0127 0137 S 16 E 08 F    31 C  11
1995 03 29 0647 0651 S 14 E 04 F    46 C  16
1995 03 29 0648 0651 S 13 E 07 F    25 C  16
1995 03 29 1529 1533 S 15 W 05 F            
1995 03 29 1814 1826 S 17 W 03 F    14 B  15
1995 03 29 1851 1905 S 13 E 03 F   114 C  19
1995 03 29 2156 2205 S 16 W 06 F    31 B  66
1995 03 29 2156 2202 S 16 W 07 F    32      
1995 03 30 0009 0015 S 17 W 08 F    20 C  14
1995 03 30 1015 1023 S 15 W 12 F            
1995 03 30 1156 1201 S 15 W 13 F            
1995 04 02 0828 0856 S 13 W 54 F            
1995 04 02 1044 1056 S 03 W 40 F            
1995 04 05 0958 1032 N 05 W 32 F   100      
1995 04 09 0729 0758 S 05 E 90 N            
1995 04 11 0838 0841 S 04 E 69 F    31      
1995 04 11 1012 1019 S 04 E 69 F    17 B  34
1995 04 11 1348 1355 S 04 E 64 F    27 B  24
1995 04 12 0857 1109 S 04 E 55 F    31 B  92
1995 04 12 0918 0927 S 03 E 52 F    12 B  92
1995 04 12 0935 0944 S 04 E 55 F    13      
1995 04 12 1018 1054 S 02 E 57 N   114 C  57
1995 04 12 1124 1225 S 04 E 58 N   110      
1995 04 12 1124 1212 S 03 E 53 N    90      
1995 04 12 1124 1225 S 04 E 58 N   100      
1995 04 12 1236 1257 S 03 E 50 F    41 B  44
1995 04 12 1423 1442 S 04 E 52 F    28 C  11
1995 04 12 1423 1434 S 03 E 50 F    22      
1995 04 13 0006 0026 S 04 E 45 F    17      
1995 04 13 0134 0140 S 04 E 45 F    29 C  14
1995 04 13 1155 1204 S 07 E 41 F    14 B  27
1995 04 13 1213 1217 S 09 E 44 F    10      
1995 04 13 1231 1302 S 03 E 41 F    40 B  20
1995 04 13 2031 2048 S 03 E 34 F    20      
1995 04 13 2238 2253 S 05 E 33 F    26 B  76
1995 04 14 1432 1438 S 04 E 27 F    12 B  21
1995 04 15 0245 0250 S 03 E 16 F    20 B  74
1995 04 15 0910 0926 N 10 E 14 F            
1995 04 16 1810 1815 S 03 W 05 F    15 B  34
1995 04 17 0026 0036 S 04 W 08 F    26      
1995 04 17 0026 0034 S 04 W 08 F    14      
1995 04 19 0042 0045 S 04 W 37 F    11 B  26
1995 04 19 0315 0316 S 03 W 38 N    14      
1995 04 19 0340 0353 S 03 W 38 B    75      
1995 04 19 0807 0843 S 04 W 41 F            
1995 04 19 0809 0820 S 02 W 40 F    14 B  52
1995 04 19 0828 0851 S 04 W 41 F    48 B  69
1995 04 19 1136 1214 S 04 W 42 N    50 C  24
1995 04 19 1137 1206 S 04 W 42 N    44      
1995 04 19 1810 1819 S 04 W 48 F    34 B  84
1995 04 19 1828 1856 S 04 W 47 F    19      
1995 04 19 1906 1918 S 05 W 49 F    34      
1995 04 20 0756 0812 S 02 W 58 F    10      
1995 04 21 1132 1139 S 02 W 72 F    58 B  37
1995 04 21 1133 1139 S 02 W 73 F    48      
1995 04 21 1334 1345 S 01 W 75 F    15 C  51
1995 04 21 1843 1857 S 01 W 77 F    28      
1995 04 22 1044 1104 S 00 W 85 F   346 M  71
1995 04 22 1045 1100 N 00 W 90 F   388 M  71
1995 04 22 1148 1158 N 13 W 82 F    18      
1995 04 22 1149 1201 N 12 W 77 F            
1995 04 22 1146 1208 S 04 W 83 F    55      
1995 05 12 1646 1656 N 14 E 19 F    16 B  10
1995 05 13 0510 0515 N 09 E 14 N    38 B  43
1995 05 13 0510 0515 N 09 E 15 N    49      
1995 05 13 0626 0627 N 09 E 13 N    35      
1995 05 13 0725 0740 N 09 E 11 F   221 C  26
1995 05 13 1020 1040 N 09 E 13 F            
1995 05 13 1249 1308 N 08 E 11 F    49 C  13
1995 05 13 1311 1324 N 09 E 08 F    12      
1995 05 13 1506 1518 N 09 E 08 F    10      
1995 05 13 1650 1701 N 10 E 08 F    21 B  62
1995 05 13 1650 1658 N 09 E 07 F    21      
1995 05 14 0130 0134 N 11 E 04 F    17 C  24
1995 05 14 0645 0649 N 09 E 00 F            
1995 05 14 1207 1237 N 10 W 05 F    27      
1995 05 15 0042 0047 N 11 W 11 F    30 B  32
1995 05 15 0308 0311 N 11 W 12 F    17 B  52
1995 05 15 1204 1219 N 09 W 16 F    55 B  68
1995 05 15 1205 1215 N 10 W 15 F    43      
1995 05 15 1826 1830 N 13 W 18 F    21 B  79
1995 05 15 1959 2002 N 09 W 22 F    11      
1995 05 15 2249 2306 N 09 W 22 F    26 B  87
1995 05 15 2315 2329 N 09 W 22 F    13      
1995 05 16 0030 0059 S 15 E 04 F    13      
1995 05 16 0113 0119 S 15 E 06 F    15      
1995 05 16 0325 0329 N 09 W 26 F    12 B  57
1995 05 16 0607 0616 N 09 W 27 F    13 C  12
1995 05 16 0805 0812 S 15 E 02 F    11      
1995 05 16 0808 0812 S 15 E 03 F            
1995 05 16 0811 0829 N 09 W 28 F    45 C  26
1995 05 16 0813 0827 N 11 W 27 F    47      
1995 05 16 0825 0833 S 14 E 00 F    27      
1995 05 16 0828 0836 S 14 W 01 F            
1995 05 16 0937 0949 S 15 E 00 F    39 B  63
1995 05 16 0956 1015 N 09 W 28 F    40 C  33
1995 05 16 1002 1017 N 09 W 27 F            
1995 05 16 1019 1033 N 10 W 30 F    23      
1995 05 16 1019 1033 S 15 W 01 F    28      
1995 05 16 1056 1105 S 18 W 03 F    23      
1995 05 16 1058 1102 S 15 W 01 F    14 B  67
1995 05 16 1124 1135 N 10 W 31 N    57 C  49
1995 05 16 1136 1141 N 10 W 31 F    27      
1995 05 16 1156 1205 S 15 W 01 F    10      
1995 05 16 1218 1223 S 15 W 01 F    10      
1995 05 16 1251 1308 N 10 W 31 F    44 B  92
1995 05 16 1315 1336 S 14 W 03 F    29      
1995 05 16 1317 1329 S 15 W 03 F    39      
1995 05 16 1331 1334 N 11 W 31 F    16      
1995 05 16 1353 1414 S 14 W 01 F    69 B  89
1995 05 16 1409 1424 N 10 W 30 F    23      
1995 05 16 1410 1416 N 09 W 31 F    14      
1995 05 16 1416 1425 S 14 W 03 F    36      
1995 05 16 1446 1453 S 15 W 04 F    17      
1995 05 16 1539 1610 S 14 W 03 F    22 B  60
1995 05 16 1554 1606 S 14 W 03 F    24      
1995 05 16 1620 1636 S 14 W 04 F    40      
1995 05 16 1634 1641 N 10 W 35 F    17      
1995 05 16 1724 1731 N 11 W 34 F    67 C  12
1995 05 16 1724 1731 N 12 W 35 F    74 C  12
1995 05 16 1900 1931 S 14 W 04 F    71 C  19
1995 05 16 1905 1930 N 12 W 35 F    52      
1995 05 16 2111 2147 S 14 W 05 F    18 B  86
1995 05 16 2123 2215 S 14 W 05 F    16      
1995 05 16 2229 2239 S 14 W 06 F    92 B  71
1995 05 16 2329 2450 N 10 W 36 F    50      
1995 05 16 2334 2450 S 14 W 06 F   117 C  22
1995 05 17 0003 0016 S 15 W 07 F    18      
1995 05 17 0643 0648 N 12 W 42 F    13 B  86
1995 05 17 0954 1009 N 10 W 46 F            
1995 05 17 1842 1902 N 10 W 47 F    12      
1995 05 17 2007 2017 S 13 W 20 F    17 B  80
1995 05 17 2218 2243 S 14 W 19 F    45 C  10
1995 05 18 0414 0416 N 10 W 52 N    14      
1995 05 18 1503 1516 S 17 W 28 F    27 C  13
1995 05 18 1503 1514 S 17 W 27 F    15 C  13
1995 05 18 2001 2007 S 13 W 33 F    13      
1995 05 18 2039 2045 S 16 W 32 F    20 B  30
1995 05 19 0023 0028 S 15 W 34 F    13 B  26
1995 05 19 0644 0702 S 14 W 37 N    24 B  64
1995 05 19 0646 0656 S 15 W 36 F    13 B  64
1995 05 19 0710 0830 S 14 W 39 F    30      
1995 05 19 1144 1150 S 13 W 42 F    13      
1995 05 21 1456 1510 S 12 W 66 F    20 B  79
1995 05 28 0924 0932 N 10 E 46 F            
1995 05 29 1013 1021 N 10 E 36 F            
1995 06 03 0012 0037 S 15 E 66 F    27      
1995 06 03 0019 0042 N 11 W 28 F    32 B  34
1995 06 03 0020 0038 N 11 W 28 F    18      
1995 06 04 0810 0821 N 00 W 20 F    18      
1995 06 04 1022 1051 N 00 W 22 F    15      
1995 06 04 1229 1235 N 02 W 23 F    21 B  33
1995 06 04 1536 1600 N 00 W 23 F    16 B  22
1995 06 04 1538 1600 N 01 W 24 F    12      
1995 06 04 1736 1752 N 00 W 26 F    22 B  17
1995 06 04 1744 1752 N 01 W 25 F    18      
1995 06 04 1856 1911 N 00 W 27 F    26 B  25
1995 06 04 1926 1930 N 01 W 21 F    28      
1995 06 04 1959 2032 S 00 W 25 F    26      
1995 06 04 2005 2017 N 00 W 22 F    25      
1995 06 04 2203 2231 N 00 W 29 F    39 B  18
1995 06 05 0340 0450 N 00 W 28 F    37 B  91
1995 06 05 0808 0852 N 01 W 34 F    33      
1995 06 05 1058 1136 N 01 W 36 F    26 B  13
1995 06 05 1058 1110 N 00 W 37 F    12      
1995 06 05 1112 1126 N 00 W 38 F    14      
1995 06 05 1241 1315 N 02 W 39 F    18      
1995 06 05 1336 1341 N 02 W 39 F    14      
1995 06 05 1345 1413 N 02 W 39 F    15      
1995 06 05 1352 1408 N 00 W 39 F    25 B  74
1995 06 05 1415 1418 N 00 W 41 F    14      
1995 06 05 1428 1453 N 00 W 40 F    16      
1995 06 05 1459 1512 N 00 W 41 F    14      
1995 06 05 1931 1945 S 01 W 44 F    13      
1995 06 05 2146 2204 N 00 W 42 N    37 C  17
1995 06 05 2147 2155 N 02 W 41 F    30      
1995 06 06 0915 0922 S 01 W 52 F    18      
1995 06 06 1435 1454 N 03 W 55 F    76 C  10
1995 06 06 1441 1453 N 00 W 51 F    46      
1995 06 06 2024 2032 N 10 E 28 F    43      
1995 06 06 2046 2059 N 10 E 28 F    29      
1995 06 06 2115 2122 N 10 E 28 F    37      
1995 06 06 2318 2327 N 10 E 26 F    18 B  15
1995 06 07 0404 0412 S 01 W 64 F    52 B  33
1995 06 07 0854 0900 S 19 E 62 F    18 B  51
1995 06 08 0740 0816 N 08 E 08 N   150      
1995 06 08 0839 0847 N 08 W 08 F    40      
1995 06 08 1006 1045 N 08 E 07 N    64 B  31
1995 06 08 1019 1031 N 08 E 06 F    28 B  31
1995 06 08 1133 1145 N 08 E 05 F    15 B  16
1995 06 08 1207 1309 N 08 E 05 F    31 B  21
1995 06 08 1224 1248 N 08 E 04 F            
1995 06 08 1231 1244 N 08 E 04 F    18      
1995 06 10 2033 2038 N 06 W 25 F    14 B  15
1995 06 12 1739 1752 N 08 W 56 F    22 B  33
1995 06 12 1744 1753 N 07 W 57 F    20      
1995 06 12 2138 2146 N 10 W 58 F    10 B  17
1995 06 13 1157 1210 N 10 W 59 F    21 B  21
1995 06 18 1042 1048 N 02 E 14 F            
1995 06 18 1658 1706 N 05 E 81 F    15 B  28
1995 06 18 1658 1706 N 05 E 81 F    15      
1995 06 21 1138 1144 N 06 E 43 F    22 B  13
1995 06 21 1138 1143 N 06 E 42 F    25 B  13
1995 06 21 1334 1337 N 05 E 38 F    11      
1995 06 23 1420 1425 N 06 E 08 F    19 B  27
1995 06 23 1420 1428 N 07 E 12 F    45      
1995 06 23 1700 1706 N 04 E 14 F    11      
1995 06 23 1705 1712 N 05 E 08 F    29      
1995 06 23 1731 1741 N 04 E 13 F    44 B  28
1995 06 23 1818 1825 N 05 E 12 F    13 B  17
1995 06 23 2127 2132 N 04 E 11 F    12      
1995 06 28 1234 1251 N 06 W 52 F    32 B  19
1995 06 28 1235 1247 N 07 W 54 F    15 B  19
1995 06 29 1253 1314 N 03 W 72 F            
1995 06 29 2017 2028 N 10 E 30 F    15      
1995 06 29 2032 2052 N 10 E 30 F    18      
1995 06 30 0538 0547 N 10 E 86 F            
1995 06 30 0632 0715 N 11 E 24 F    30      
1995 06 30 0732 0800 N 10 E 88 N            
1995 06 30 0736 0800 N 11 E 90              
1995 06 30 0941 0949 N 11 E 79 F            
1995 06 30 1044 1102 N 11 E 24 F    30      
1995 06 30 1157 1223 N 11 E 24 N    50      
1995 06 30 1417 1431 N 11 E 90              
1995 06 30 1506 1524 N 12 E 84 F    22 B  28
1995 06 30 1511 1525 N 14 E 79 F    27      
1995 06 30 1631 1643 N 13 E 79 F    16      
1995 06 30 1631 1645 N 14 E 77 F    18      
1995 06 30 2346 2349 N 12 E 74 F    36 B  95
1995 06 30 2346 2353 N 12 E 75 F    58      
1995 07 01 1702 1714 N 14 E 65 F    19 B  23
1995 07 01 2358 2415 N 10 E 62 B   132 C  97
1995 07 07 0456 0504 N 10 W 05 F    11      
1995 07 07 0656 0706 N 13 W 07 F    50      
1995 07 07 1046 1050 N 12 W 09 F            
1995 07 07 1103 1139 N 13 W 09 F            
1995 07 07 1103 1201 N 11 W 08 F    23 B  19
1995 07 07 1046 1312 N 12 W 04 B   110      
1995 07 07 1046 1312 N 12 W 04 N   110      
1995 07 07 1343 1348 N 07 W 05 B   300      
1995 07 07 1426 1607 N 12 W 04 N   100      
1995 07 07 1433 1451 S 12 E 58 F    20      
1995 07 07 1713 1747 N 10 W 09 F    38 B  21
1995 07 08 0833 0850 N 06 W 20 F   100      
1995 07 08 0837 0849 N 06 W 20 F            
1995 07 08 0927 1015 N 12 W 17 B   250      
1995 07 08 0929 1001 N 11 W 19 N            
1995 07 08 1040 1051 N 10 W 17 F    10      
1995 07 08 1118 1138 S 13 E 48 F    60      
1995 07 09 0802 0852 N 11 W 32 N    58 B  41
1995 07 09 0807 0854 N 11 W 32 F    39 B  41
1995 07 09 0810 0817 N 11 W 34 F    34      
1995 07 10 0737 0749 S 16 E 54 F    10      
1995 07 12 0644 0748 N 07 W 71 F    40      
1995 07 13 1230 1251 N 08 W 88 N            
1995 07 13 1238 1250 N 07 W 90 N            
1995 07 13 1251 1313 S 12 W 23 F    50      
1995 07 14 0734 0759 N 03 E 26 F    40      
1995 07 18 0635 0647 N 04 W 23 F            
1995 07 18 0731 0743 N 04 W 24 F    80      
1995 07 18 0816 0831 N 05 W 25 F    70      
1995 07 18 0951 1000 N 04 W 26 N    60 B  35
1995 07 18 0955 0959 N 05 W 26 N    56      
1995 07 18 1043 1100 N 02 W 28 F            
1995 07 21 0926 0949 N 05 E 00 F   120      
1995 08 01 0745 0751 N 10 E 25 F    30      
1995 08 01 1106 1110 N 12 E 22 F            
1995 08 02 1312 1328 N 12 E 12 F    40      
1995 08 02 1955 2014 N 12 E 04 F    32 B  17
1995 08 02 1957 2025 N 12 E 03 F    37      
1995 08 04 1103 1116 N 10 W 70 F    10      
1995 08 05 0648 0719 N 02 E 08 F    20      
1995 08 05 1105 1148 N 02 E 08 F    30      
1995 08 05 1301 1335 N 02 E 08 F    30      
1995 08 12 0807 0823 S 21 E 67 F            
1995 08 12 0835 0919 S 07 W 45 F    20      
1995 08 12 1159 1211 S 19 E 69 F            
1995 08 18 1411 1420 S 20 E 19 F    20      
1995 08 18 1720 1801 N 11 E 90 N    70 C  19
1995 08 19 1057 1109 N 10 E 80 F            
1995 08 20 1006 1023 S 05 W 90 F            
1995 08 21 1639 1655 N 10 E 50 F    25 B  13
1995 08 21 1639 1652 N 12 E 49 F    20      
1995 08 23 1608 1621 N 04 W 06 F    12      
1995 08 23 1855 1904 N 04 W 08 F    15      
1995 08 24 0200 0218 N 04 W 11 F    90      
1995 08 24 0253 0345 N 03 W 14 N    80      
1995 08 24 0913 0925 N 03 W 18 F    18 B  10
1995 08 24 1311 1323 S 10 W 14 F    15 C  14
1995 08 24 2109 2120 S 11 W 21 F    15      
1995 08 24 2219 2225 S 10 W 22 F    37      
1995 08 24 2241 2254 S 10 W 22 F    21      
1995 08 25 0637 0642 N 04 W 27 N    34 B  74
1995 08 25 0637 0645 N 04 W 27 F    25 B  74
1995 08 25 1840 1859 S 10 W 30 F    25      
1995 08 25 2146 2155 S 10 W 32 F    15 B  12
1995 08 26 1624 1648 N 03 W 50 F    13      
1995 08 27 0852 0905 N 04 W 59 F    18 B  46
1995 08 28 0948 1015 N 05 E 48 F    44 B  24
1995 08 28 1825 1851 N 02 E 45 F    29 B  28
1995 08 28 1947 1957 N 04 E 44 F    11 B  25
1995 08 30 0549 0554 N 03 E 21 N    28      
1995 08 30 1025 1048 N 10 W 06 F            
1995 08 31 1120 1133 N 02 E 06 F    18      
1995 09 03 2042 2046 N 11 W 11 F    14      
1995 09 04 0656 0846 N 08 W 73 N            
1995 09 04 0656 0846 N 08 W 73 N            
1995 09 04 1608 1619 N 06 W 82 F    18 B  43
1995 09 04 1609 1617 N 05 W 81 F    17 B  43
1995 09 04 1829 1847 N 06 W 79 F    10 B  74
1995 09 05 0612 0615 N 07 W 79 F            
1995 09 05 0628 0636 N 07 W 79 F            
1995 09 05 0715 0901 N 06 W 90 B            
1995 09 05 0716 0744 N 07 E 79 F            
1995 09 12 0955 1012 N 07 W 60 F            
1995 09 18 0908 1113 N 21 E 82 N            
1995 09 20 0604 0621 N 06 E 64 F            
1995 09 20 0752 0820 N 05 E 65 F            
1995 09 20 1054 1107 N 10 E 65 N    90      
1995 09 21 1611 1618 N 06 E 45 F    18      
1995 09 21 1612 1618 N 07 E 45 F    15      
1995 09 22 0222 0226 N 05 E 43 F    10      
1995 09 22 0623 0709 N 08 E 37 F    31      
1995 09 22 0831 0838 N 08 E 36 F    10      
1995 09 22 0851 0931 N 08 E 36 F   100      
1995 09 22 1010 1041 N 06 E 35 F    81      
1995 09 25 0358 0405 N 08 W 03 B    56      
1995 09 26 0917 0938 N 06 W 21 F            
1995 09 27 0758 0804 S 04 E 04 F    26      
1995 09 27 0759 0759 S 05 E 02 F            
1995 10 07 0835 0839 S 12 E 77 F            
1995 10 08 1409 1515 N 06 E 14 F    50      
1995 10 09 0832 1039 S 13 E 55 F    20      
1995 10 09 1047 1102 S 13 E 55 N   200      
1995 10 09 1401 1427 N 05 E 04 F    20      
1995 10 10 0806 0839 S 10 E 80 N            
1995 10 10 0840 0910 S 13 E 43 F    20      
1995 10 10 0850 0946 S 10 E 80 N            
1995 10 10 0953 1016 S 10 E 80 N            
1995 10 10 1034 1107 S 10 E 80 N            
1995 10 10 1035 1057 S 13 E 44 F    70      
1995 10 10 1140 1213 S 12 E 44 N    40      
1995 10 10 1549 1552 S 13 E 72 F    11      
1995 10 10 1640 1648 S 13 E 77 F    16 C  21
1995 10 10 2249 2303 S 12 E 70 F    12      
1995 10 10 2311 2324 S 12 E 67 F    15      
1995 10 11 0931 0935 S 12 E 67 F            
1995 10 11 1302 1354 S 14 E 28 F    30      
1995 10 11 1331 1335 S 10 E 70 F            
1995 10 11 1420 1450 S 14 E 28 F    20      
1995 10 11 1432 1442 S 12 E 65 F            
1995 10 11 1438 1443 S 08 E 65 F    17      
1995 10 11 1559 1603 S 10 E 25 F            
1995 10 11 1935 1956 S 13 E 61 F    47 C  56
1995 10 12 0601 0626 S 12 E 55 F    57 M  15
1995 10 12 0731 0735 S 10 E 57 F            
1995 10 12 0955 1016 S 11 E 56 F            
1995 10 12 1012 1038 S 13 E 52 F    20      
1995 10 12 1133 1152 S 10 E 56 F    80      
1995 10 12 1136 1148 S 10 E 56 F            
1995 10 12 1228 1312 S 13 E 52 F    20      
1995 10 12 1249 1312 S 12 E 18 B   100      
1995 10 12 1252 1308 S 11 E 17 F            
1995 10 12 1334 1341 S 11 E 52 F    30      
1995 10 12 1359 1422 S 10 E 52 F    46 C  18
1995 10 12 1404 1416 S 10 E 54 F            
1995 10 12 1407 1418 S 09 E 53 F    35      
1995 10 12 1359 1439 S 10 E 52 F    18      
1995 10 12 1432 1439 S 09 E 53 F    10      
1995 10 12 1432 1439 S 10 E 50 F    15      
1995 10 12 1632 1637 S 11 E 46 F    14 B  52
1995 10 12 1641 1647 S 09 E 50 F    23 B  63
1995 10 12 1720 1730 S 10 E 50 F    20 C  28
1995 10 12 1823 1838 S 10 E 48 F    45      
1995 10 12 1828 1834 S 12 E 47 F    20      
1995 10 12 1831 1926 S 10 E 12 F    26      
1995 10 12 2101 2112 S 10 E 47 F    64 C  13
1995 10 13 0058 0113 S 10 E 45 B   102      
1995 10 13 0500 0518 S 10 E 43 N   291 M  48
1995 10 13 0501 0516 S 11 E 43 F   145 M  48
1995 10 13 0917 0929 S 10 E 39 F            
1995 10 13 0920 0930 S 17 E 37 B   113      
1995 10 13 1025 1038 S 08 E 30 F            
1995 10 13 1025 1037 S 11 E 33 F            
1995 10 13 1402 1416 S 09 E 38 F    25 B  53
1995 10 13 1409 1428 S 12 E 04 F    27      
1995 10 13 1409 1425 S 12 E 04 F            
1995 10 13 1515 1525 S 10 E 38 B    80      
1995 10 13 2032 2038 S 11 E 33 F    13 B  20
1995 10 13 2129 2148 S 11 E 32 F    22 B  42
1995 10 13 2149 2205 S 19 E 17 F    30      
1995 10 13 2212 2219 S 19 E 18 F    20      
1995 10 14 0146 0152 S 11 E 32 N    20      
1995 10 14 0153 0154 S 11 E 32 N    20      
1995 10 14 0606 0609 S 09 E 29 N     7      
1995 10 14 0654 0709 S 09 E 28 N   102 C  52
1995 10 14 0655 0706 S 10 E 27 F    48 C  52
1995 10 14 0706 0714 S 09 E 28 F            
1995 10 14 0734 0757 S 10 E 29 F            
1995 10 14 0830 0933 S 11 E 20 N            
1995 10 14 0830 0933 S 12 E 28 B            
1995 10 14 0923 0930 S 07 E 25 F    43 C  16
1995 10 14 1043 1232 S 10 W 12 B   300      
1995 10 14 1045 1226 S 09 W 09 N    95      
1995 10 14 1138 1153 S 12 W 13 F    46      
1995 10 14 1223 1249 S 14 E 19 F    36      
1995 10 14 1229 1245 S 14 E 20 F            
1995 10 14 1236 1245 S 14 E 18 N    56      
1995 10 14 1328 1408 S 10 W 11 N    90      
1995 10 14 1333 1405 S 10 W 11 F            
1995 10 14 1328 1343 S 14 E 19 N    90      
1995 10 14 1401 1419 S 10 E 22 F   141 C  23
1995 10 14 1401 1421 S 09 E 25 F            
1995 10 14 1405 1415 S 09 E 19 F    86      
1995 10 14 1720 1734 S 10 E 21 F    33 B  68
1995 10 14 1720 1734 S 09 E 21 F    37      
1995 10 14 1817 1824 S 10 E 22 F    18 B  30
1995 10 14 1923 1942 S 09 E 17 F    99      
1995 10 14 2357 2400 S 09 E 18 N    41      
1995 10 15 0100 0104 S 10 E 15 N    26 B  61
1995 10 15 0101 0104 S 10 E 13 F    17 B  61
1995 10 15 0717 0725 S 10 E 15 F            
1995 10 15 1018 1024 N 12 W 85 F            
1995 10 16 1021 1035 N 08 W 60 F            
1995 10 16 1222 1233 N 08 W 60 F            
1995 10 16 1252 1306 S 09 W 06 F    14 B  13
1995 10 16 1254 1306 S 11 W 05 F    14      
1995 10 17 1152 1229 S 11 W 18 F    30      
1995 10 18 0802 0810 S 13 W 30 F            
1995 10 18 0830 0838 S 15 W 28 F            
1995 10 18 0942 0946 S 09 W 62 F            
1995 10 18 1202 1206 S 18 W 51 F            
1995 10 18 1957 2011 S 13 W 39 F    17      
1995 10 19 1024 1038 S 14 W 45 N   140 B  32
1995 10 19 1027 1034 S 15 W 44 F    23 B  32
1995 10 19 1030 1038 S 14 W 46 F   168      
1995 10 19 1955 2004 S 15 W 51 F    17 B  12
1995 10 20 0553 0642 S 10 W 53 N   305      
1995 10 20 0554 0652 S 13 W 51 N    86      
1995 10 20 0706 0826 S 12 E 52 F            
1995 10 20 0754 0815 S 09 W 56 F    17      
1995 10 20 0817 0828 S 09 W 56 F    15      
1995 10 20 1303 1308 S 09 E 70 F    11      
1995 10 20 2305 2320 S 08 E 65 F    27      
1995 10 21 0457 0515 S 11 E 62 N    34      
1995 10 21 1520 1548 N 08 E 70 F   142      
1995 10 21 1701 1712 S 07 E 56 F    39      
1995 10 21 1701 1713 S 09 E 56 F    49      
1995 10 21 1758 1804 N 07 E 67 F    25      
1995 10 21 1803 1830 S 10 E 55 F    60 B  46
1995 10 21 1816 1850 S 09 E 55 F    57      
1995 10 21 1915 1955 S 10 E 55 F    24      
1995 10 21 2012 2026 S 10 E 54 F    34 B  25
1995 10 21 2014 2022 S 10 E 54 F    22 B  25
1995 10 22 2210 2221 S 12 E 41 F    28      
1995 10 23 0319 0320 S 10 E 38 N     7      
1995 10 24 0711 0715 S 10 E 24 F            
1995 11 09 0940 0947 S 02 E 85 F            
1995 11 09 1005 1011 S 02 E 85 F            
1995 11 09 1031 1047 S 09 W 35 F            
1995 11 09 1210 1252 S 09 E 36 F    18 B  11
1995 11 09 1215 1250 S 09 E 34 F    22 B  11
1995 11 09 1314 1343 S 09 E 36 F    13      
1995 11 09 1317 1336 S 09 E 34 F    13      
1995 11 09 2109 2119 S 09 E 28 F    13 B  18
1995 11 10 0343 0420 S 09 E 26 F    61 C  21
1995 11 10 1652 1705 S 08 E 20 F    19 B  10
1995 11 16 2146 2202 N 05 E 75 F    56 C  87
1995 11 16 2227 2231 N 08 E 64 F    13 B  78
1995 11 18 2042 2049 S 05 E 06 F    11 B  10
1995 11 22 1304 1313 N 10 W 02 F            
1995 11 28 1346 1423 N 08 E 31 F    23 B  81
1995 11 28 1401 1433 N 08 E 31 F    20 B  30
1995 12 02 1251 1317 N 12 W 38 F            
1995 12 12 1237 1312 S 08 W 43 F    18      
1995 12 13 0750 0755 S 12 W 48 N            
1995 12 13 2053 2056 S 13 W 60 F    14      
1995 12 27 1838 1855 N 10 E 58 F    29 B  33
1995 12 27 1839 1842 N 10 E 57 F    27      
1995 12 29 1702 1715 N 10 E 39 F    10 B  14
