2003 01 01 0752 0802 N 19 W 22 F    14      
2003 01 01 1203 1216 S 08 E 00 F            
2003 01 01 1238 1306 S 08 E 00 F            
2003 01 02 2337 2343 S 08 E 56 F    16      
2003 01 03 0005 0012 S 08 E 57 F    22      
2003 01 03 0450 0457 S 09 E 57 F    15      
2003 01 03 1032 1040 S 08 E 53 F            
2003 01 03 1034 1039 S 09 E 51 F    25      
2003 01 03 1042 1100 S 23 E 60 F            
2003 01 03 1234 1249 S 23 E 60 F            
2003 01 03 1309 1317 S 23 E 60 F            
2003 01 03 1309 1318 S 23 E 68 F    42      
2003 01 03 1329 1343 S 23 E 60 F            
2003 01 03 1440 1453 N 18 W 51 F    99      
2003 01 03 1454 1500 N 19 W 51 F    60      
2003 01 03 1541 1547 S 07 E 50 F    19      
2003 01 03 1652 1700 S 20 W 31 F    12      
2003 01 03 1734 1739 S 22 E 54 F    14      
2003 01 03 1858 1901 S 20 W 32 F    13      
2003 01 03 1936 1946 S 19 W 31 F    88      
2003 01 03 1953 2011 S 23 E 56 F    14      
2003 01 03 1953 2012 S 24 E 55 F    17      
2003 01 03 2046 2108 S 19 W 31 F    27      
2003 01 03 2110 2122 S 23 E 56 F    23      
2003 01 03 2151 2215 S 22 E 55 F    16      
2003 01 03 2240 2304 S 20 W 32 F    47      
2003 01 04 0002 0008 S 23 E 51 F    23      
2003 01 04 0358 0426 S 19 W 37 F    22      
2003 01 04 0521 0538 S 20 W 39 F    41      
2003 01 04 0619 0626 S 19 W 39 F    16      
2003 01 04 0810 0826 S 20 W 41 F    30      
2003 01 04 0855 0926 S 23 E 48 F    32      
2003 01 04 0858 0917 S 28 E 47 F    18      
2003 01 04 0930 0941 S 23 E 48 F    13      
2003 01 04 1045 1106 S 19 W 38 F            
2003 01 04 1132 1136 S 20 W 40 F    19      
2003 01 04 1508 1514 S 20 W 44 F    11      
2003 01 04 1516 1544 S 19 W 43 F    13      
2003 01 04 1649 1715 S 23 E 43 F    22      
2003 01 04 1801 1816 S 19 W 45 F    23      
2003 01 05 0132 0137 S 09 E 31 F    11      
2003 01 05 0143 0153 S 08 E 30 F    46      
2003 01 05 0508 0511 S 08 E 32 F    25      
2003 01 05 0555 0632 S 20 W 51 F    52      
2003 01 05 0600 0638 S 08 E 28 F    64      
2003 01 05 0756 0805 S 08 E 27 F    16      
2003 01 05 0929 0933 S 19 W 55 F    13      
2003 01 05 1359 1410 S 22 E 31 F    15      
2003 01 06 0242 0248 S 08 W 63 F    14      
2003 01 06 0940 0958 S 25 E 18 F    34      
2003 01 07 0724 0729 S 08 E 00 F    20      
2003 01 07 0732 0839 S 24 E 07 F   182      
2003 01 07 0838 0846 S 07 W 03 F    35      
2003 01 07 0838 0851 S 08 W 01 F    21      
2003 01 07 1308 1329 S 22 E 04 F    24      
2003 01 07 1753 1757 S 07 W 05 F    14      
2003 01 07 1930 1941 S 21 E 02 F    21      
2003 01 07 2233 2237 S 11 W 07 F    10      
2003 01 07 2331 2350 S 18 E 14 F    96      
2003 01 08 0134 0142 S 13 E 83 F    76      
2003 01 08 0543 0637 S 22 W 05 F   116      
2003 01 08 0613 0626 S 13 W 12 F    20      
2003 01 08 0729 0738 S 14 W 11 F    15      
2003 01 08 1430 1449 S 13 E 76 F    30      
2003 01 08 1555 1610 S 16 E 52 F    63      
2003 01 08 1558 1601 N 11 E 13 F    14      
2003 01 08 1611 1702 S 08 W 18 F    65      
2003 01 08 1618 1731 S 16 E 53 F    64      
2003 01 08 1704 1724 S 08 W 17 F    14      
2003 01 08 1854 1902 S 25 W 09 F    13      
2003 01 08 1909 1929 S 16 E 52 F    17      
2003 01 08 2304 2351 S 16 E 49 F    29      
2003 01 09 0026 0038 S 13 E 68 F    50      
2003 01 09 0034 0110 S 06 W 23 F    37      
2003 01 09 0118 0123 S 18 W 18 F    15      
2003 01 09 0130 0232 S 07 W 24 F   151      
2003 01 09 0446 0453 S 12 E 65 F    18      
2003 01 09 0454 0503 S 12 E 65 F    17      
2003 01 09 0514 0532 S 09 W 26 F    25      
2003 01 09 0533 0616 S 14 E 64 N   149      
2003 01 09 0628 0633 S 15 E 45 F    15      
2003 01 09 0845 0851 S 19 E 41 F    31      
2003 01 09 0912 0915 S 04 W 30 F    16      
2003 01 09 0934 0939 S 16 E 41 F    14      
2003 01 09 1145 1151 S 13 E 65 F    18      
2003 01 09 1321 1326 S 12 E 60 F    23      
2003 01 09 1512 1518 S 12 E 59 F    21      
2003 01 09 1555 1605 S 17 E 61 F    46      
2003 01 09 1556 1601 S 16 E 64 F    27      
2003 01 09 1722 1730 S 11 E 58 F    30      
2003 01 09 1822 1828 S 12 E 59 F    10      
2003 01 09 1841 1908 S 16 E 71 F    20      
2003 01 09 1842 1855 S 17 E 68 F    16      
2003 01 09 1921 1930 S 19 E 36 F    19      
2003 01 09 2237 2243 S 05 W 37 F    28      
2003 01 10 2201 2224 S 09 W 54 F    65      
2003 01 10 2336 2346 S 09 W 54 F    65      
2003 01 10 2339 2351 S 09 W 53 F    39      
2003 01 11 0031 0101 S 08 W 54 F    25      
2003 01 11 1026 1043 S 22 W 49 F    20      
2003 01 11 1308 1345 S 08 W 56 F    67      
2003 01 11 1447 1504 S 13 E 52 F    28      
2003 01 11 1450 1457 S 16 E 14 F    16      
2003 01 11 1510 1516 S 12 E 33 F    16      
2003 01 11 1605 1612 S 09 W 57 F    14      
2003 01 11 1606 1702 S 16 E 11 F    42      
2003 01 11 1606 1616 S 08 W 56 F    24      
2003 01 11 1734 1754 S 21 W 49 F    21      
2003 01 11 1842 1852 S 08 W 59 F    12      
2003 01 11 1843 1850 S 09 W 58 F    13      
2003 01 11 1903 1912 S 20 W 55 F    22      
2003 01 11 1928 1958 S 21 W 52 F    13      
2003 01 11 2249 2302 S 08 W 60 F    13      
2003 01 12 0039 0055 S 16 E 05 F    30      
2003 01 12 0422 0445 S 12 E 51 F    84      
2003 01 12 0847 0911 S 15 E 01 F            
2003 01 12 1217 1254 S 15 E 01 F            
2003 01 13 0437 0508 S 25 E 10 F    76      
2003 01 13 0451 0519 S 16 E 43 F    28      
2003 01 13 0740 0749 S 12 E 06 F            
2003 01 13 1330 1335 S 12 E 07 F    14      
2003 01 13 1600 1608 S 09 W 80 F    40      
2003 01 13 1609 1642 S 20 W 84 F    45      
2003 01 13 1610 1638 S 21 W 76 F    51      
2003 01 14 0953 0956 S 16 W 25 F            
2003 01 14 1041 1046 S 16 W 25 F            
2003 01 15 0915 0944 S 16 E 07 F            
2003 01 15 1541 1545 S 26 W 18 F    16      
2003 01 16 0105 0118 S 11 W 27 N   177      
2003 01 16 0445 0448 N 10 E 52 F   110      
2003 01 16 1113 1314 N 09 E 44 F            
2003 01 17 1726 1733 N 09 E 30 F    32      
2003 01 18 0907 0924 S 29 W 52 F            
2003 01 19 1242 1316 N 14 E 30 F    18      
2003 01 19 1254 1314 N 14 E 31 F    18      
2003 01 19 1410 1435 N 15 E 28 F            
2003 01 20 0707 0724 N 16 E 21 F    90      
2003 01 20 1445 1452 S 23 E 60 F    16      
2003 01 20 2145 2151 S 19 E 82 F    18      
2003 01 20 2324 2330 N 16 E 10 F    26      
2003 01 21 0607 0610 N 14 E 08 F    16      
2003 01 21 0826 0832 S 19 E 52 F            
2003 01 21 1254 1328 N 15 E 05 F    28      
2003 01 21 1305 1317 S 12 W 38 F    31      
2003 01 21 1824 1901 S 12 W 41 F    23      
2003 01 21 2137 2155 N 15 W 01 F    12      
2003 01 22 0439 0509 N 15 W 05 F   111      
2003 01 22 1220 1228 S 23 E 36 F    18      
2003 01 22 1225 1228 S 11 W 50 F    13      
2003 01 22 1354 1415 S 11 W 51 F    13      
2003 01 22 1356 1400 S 09 W 52 F    21      
2003 01 23 0216 0233 S 12 W 57 F    53      
2003 01 23 0400 0511 S 22 E 21 N   117      
2003 01 23 0612 0619 S 12 W 60 F    38      
2003 01 23 0706 0720 S 21 E 19 F    19      
2003 01 23 0719 0726 S 10 W 60 F    27      
2003 01 23 0807 0822 S 21 E 17 F    50      
2003 01 23 1151 1234 S 10 W 61 F    27      
2003 01 23 1236 1309 S 22 E 16 N   194      
2003 01 23 1236 1309 S 21 E 16 N   190      
2003 01 23 1449 1532 S 10 W 64 F    47      
2003 01 23 1451 1456 S 08 W 67 F    39      
2003 01 23 1543 1551 S 12 W 64 F    12      
2003 01 24 0255 0259 S 24 E 12 F    12      
2003 01 24 0301 0417 S 22 E 10 N   239      
2003 01 24 0502 0513 S 23 E 17 F    52      
2003 01 24 1521 1544 S 22 E 05 F   111      
2003 01 24 2208 2215 S 20 E 02 F    10      
2003 01 25 1846 1927 N 13 W 26 F    80      
2003 01 26 1025 1113 N 12 W 36 F            
2003 01 26 1032 1056 N 17 W 35 F    30      
2003 01 27 1132 1204 N 05 W 11 F            
2003 01 27 1601 1611 S 02 W 37 F    18      
2003 01 27 2149 2222 S 17 W 23 F    18      
2003 01 29 1304 1334 N 09 W 39 F    32      
2003 01 29 2016 2019 S 21 W 63 F    12      
2003 01 29 2028 2110 S 19 W 67 F    19      
2003 01 29 2030 2048 S 22 W 65 F    28      
2003 01 30 1026 1030 S 11 E 52 F   133      
2003 02 01 1542 1553 S 15 E 86 F    71      
2003 02 01 1543 1608 S 19 E 71 F    24      
2003 02 01 1946 1952 S 14 E 89 F    42      
2003 02 01 2012 2019 S 13 E 86 F    18      
2003 02 01 2323 2345 S 15 E 78 F    36      
2003 02 02 0118 0132 S 15 E 78 F    32      
2003 02 02 0327 0337 S 15 E 77 F    51      
2003 02 02 0357 0405 S 15 E 77 F    45      
2003 02 02 0535 0548 S 15 E 67 F    42      
2003 02 02 0632 0639 S 15 E 67 F    21      
2003 02 04 2116 2132 S 20 E 67 F    34      
2003 02 05 1411 1416 S 16 E 63 F    15      
2003 02 05 1547 1553 N 20 E 73 F    34      
2003 02 05 1651 1701 N 20 E 69 F    28      
2003 02 06 0224 0233 S 17 E 55 F    36      
2003 02 06 0234 0242 S 17 E 55 F    12      
2003 02 06 0302 0306 N 18 E 62 F    19      
2003 02 06 0333 0447 N 18 E 64 N   172      
2003 02 06 0502 0509 S 17 E 54 F    16      
2003 02 06 0523 0541 N 17 E 59 F    25      
2003 02 06 0842 0900 N 19 E 59 F    21      
2003 02 06 0843 0858 N 17 E 60 F            
2003 02 06 0914 0940 N 18 E 59 F    36      
2003 02 06 1004 1013 N 20 E 59 F    17      
2003 02 06 1118 1140 N 19 E 56 F    25      
2003 02 06 1131 1138 N 20 E 56 F    25      
2003 02 06 1245 1300 S 16 E 50 F    22      
2003 02 06 1311 1330 S 14 E 22 F            
2003 02 06 1313 1327 S 15 E 22 F    11      
2003 02 06 1652 1657 N 19 E 57 F    25      
2003 02 06 1843 1848 S 20 E 43 F    15      
2003 02 06 1907 1917 N 20 E 53 F    15      
2003 02 06 2311 2319 N 00 E 65 F    16      
2003 02 07 0107 0126 S 17 E 42 F    10      
2003 02 07 1605 1709 S 03 W 61 F    34      
2003 02 09 1503 1510 S 08 W 06 F    30      
2003 02 09 2043 2051 S 14 W 23 F    19      
2003 02 11 0837 0859 S 05 W 33 F    20      
2003 02 11 1512 1532 S 19 W 15 F    22      
2003 02 12 0145 0248 S 05 W 43 F   171      
2003 02 12 0539 0601 N 10 W 22 F    27      
2003 02 12 1356 1423 N 11 W 26 F    37      
2003 02 12 1603 1607 S 03 W 54 F    15      
2003 02 12 1604 1639 N 11 W 29 F    73      
2003 02 13 0123 0133 S 03 W 55 F    19      
2003 02 13 0457 0509 N 09 W 39 F    33      
2003 02 13 1616 1625 N 11 W 42 F    23      
2003 02 13 2327 2339 N 13 W 84 F    46      
2003 02 14 0203 0208 N 13 W 82 F    31      
2003 02 14 0519 0536 N 13 W 84 F   108      
2003 02 14 0914 0924 N 13 W 86 F    78      
2003 02 15 1622 1626 S 20 E 73 F    23      
2003 02 18 0830 0922 N 08 W 42 F            
2003 02 18 1133 1140 N 08 W 42 F            
2003 02 19 0324 0328 N 13 E 29 F    12      
2003 02 19 0643 0654 N 17 E 38 F    19      
2003 02 19 0900 0910 N 18 E 41 F            
2003 02 19 0930 0946 N 17 E 38 F            
2003 02 19 1045 1101 N 18 E 40 F            
2003 02 19 1128 1140 N 18 E 40 F            
2003 02 19 1312 1341 N 18 E 40 F            
2003 02 19 1319 1329 N 17 E 39 F    13      
2003 02 19 1414 1600 N 18 E 36 F    13      
2003 02 19 1825 1934 N 17 E 37 F    15      
2003 02 19 1944 1948 N 12 E 21 F    31      
2003 02 19 2004 2012 N 17 E 34 F    13      
2003 02 20 1156 1208 N 13 E 10 F            
2003 02 20 1222 1232 N 18 E 27 F    44      
2003 02 20 1224 1231 N 18 E 28 F    44      
2003 02 20 1249 1302 N 19 E 28 F    47      
2003 02 20 1331 1344 S 22 E 22 F            
2003 02 20 1350 1417 N 20 E 17 F            
2003 02 21 0505 0512 N 11 E 14 F    45      
2003 02 21 0831 0944 N 16 E 08 F            
2003 02 21 1000 1011 N 16 E 08 F            
2003 02 21 1048 1148 N 16 E 08 F            
2003 02 21 1214 1244 N 16 E 06 F            
2003 02 21 1246 1311 N 16 E 06 F            
2003 02 21 1511 1548 N 16 E 05 F    39      
2003 02 21 1512 1522 N 15 E 07 F    18      
2003 02 22 0159 0217 N 11 E 02 F    66      
2003 02 22 0509 0515 N 16 W 02 F    23      
2003 02 22 0929 0938 N 16 W 05 F    55      
2003 02 22 1044 1047 N 16 E 03 F    18      
2003 02 22 1221 1230 N 17 W 06 F    21      
2003 02 24 0740 0805 N 15 W 27 F            
2003 02 24 1124 1219 N 16 W 28 F    28      
2003 02 24 1126 1217 N 16 W 29 F    28      
2003 02 25 0227 0234 N 18 W 35 F    32      
2003 02 25 1418 1425 N 16 W 44 F    15      
2003 02 26 0945 0949 N 16 W 61 F    11      
2003 02 26 0945 0949 N 16 W 61 F            
2003 02 28 1251 1301 S 21 E 18 F            
2003 02 28 1254 1311 S 06 W 19 F    15      
2003 02 28 1304 1322 N 12 E 58 F    14      
2003 03 01 1040 1055 S 15 W 10 F            
2003 03 01 1717 1723 N 11 E 62 F    15      
2003 03 01 1907 1912 N 13 E 78 F    63      
2003 03 02 0444 0452 N 12 E 60 F    21      
2003 03 02 0631 0633 S 09 W 72 F    17      
2003 03 02 0717 0728 S 09 W 73 F    31      
2003 03 02 0743 0814 S 09 W 73 F    53      
2003 03 02 1425 1433 N 08 E 57 F    18      
2003 03 05 0259 0319 N 15 E 21 F    64      
2003 03 05 0445 0452 N 18 E 57 F    19      
2003 03 05 0724 0726 N 22 E 31 F            
2003 03 07 1154 1204 N 19 W 01 F            
2003 03 08 0843 0848 S 13 W 21 F            
2003 03 08 0923 1013 N 10 E 67 F            
2003 03 08 0938 0945 N 06 E 69 F    17      
2003 03 08 1154 1200 S 13 W 22 F            
2003 03 08 2321 2328 S 14 W 28 F    29      
2003 03 09 0005 0014 S 15 W 31 F    24      
2003 03 09 0015 0019 N 03 E 59 F    14      
2003 03 09 0205 0212 N 06 E 64 F    14      
2003 03 09 0344 0348 N 03 E 61 F    34      
2003 03 09 0646 0654 S 18 W 38 F    50      
2003 03 09 1752 1757 S 16 W 46 F    16      
2003 03 10 0540 0545 S 18 W 54 F    10      
2003 03 10 0844 0858 N 03 E 45 F    60      
2003 03 11 1224 1233 S 15 W 66 F            
2003 03 11 1226 1231 S 14 W 62 F    22      
2003 03 11 1417 1538 S 12 E 23 F            
2003 03 12 0938 0946 N 08 E 13 F    16      
2003 03 12 0947 0954 N 09 E 13 F    12      
2003 03 12 1141 1155 N 08 E 13 F            
2003 03 13 0205 0214 N 16 W 53 F    16      
2003 03 13 0209 0233 S 12 E 09 F    68      
2003 03 13 0602 0621 S 29 E 64 F    21      
2003 03 13 1322 1326 N 07 E 00 F            
2003 03 13 1327 1342 S 26 W 54 F    11      
2003 03 13 1334 1341 S 26 W 54 F    11      
2003 03 13 1349 1412 N 33 E 04 F            
2003 03 13 1442 1456 N 33 E 04 F            
2003 03 13 1533 1541 N 33 E 03 F            
2003 03 15 0824 0833 S 15 W 04 F            
2003 03 15 1110 1154 S 15 W 04 F            
2003 03 15 1342 1354 N 08 W 26 F            
2003 03 15 1343 1408 S 15 W 06 F            
2003 03 15 2043 2049 S 16 W 11 F    21      
2003 03 16 0400 0439 S 15 W 15 F    19      
2003 03 16 0808 0822 S 14 W 17 F            
2003 03 16 1231 1518 S 14 W 18 F            
2003 03 16 1232 1330 S 14 W 18 F            
2003 03 16 1910 1915 S 11 W 29 F    40      
2003 03 17 1009 1018 S 16 W 33 F            
2003 03 17 1212 1229 S 12 W 37 F            
2003 03 17 1639 1704 S 14 W 39 F    25      
2003 03 17 1640 1647 S 14 W 39 F    13      
2003 03 17 1854 2003 S 14 W 38 N   189      
2003 03 17 2355 2405 S 16 W 43 F    24      
2003 03 18 0033 0128 S 15 W 44 N   215      
2003 03 18 0141 0324 S 15 W 45 F   106      
2003 03 18 0337 0504 S 15 W 43 F    80      
2003 03 18 0522 0530 S 16 W 43 F    25      
2003 03 18 0554 0621 S 12 W 46 N   112      
2003 03 18 0614 0704 S 14 W 43 F            
2003 03 18 0637 0647 S 15 W 45 F    23      
2003 03 18 0649 0702 S 15 W 45 F    35      
2003 03 18 0710 0716 S 15 W 44 F            
2003 03 18 0720 0731 S 14 W 44 F            
2003 03 18 0734 0759 S 14 W 47 F            
2003 03 18 0734 0753 S 15 W 48 F    23      
2003 03 18 1012 1013 S 14 W 44 F            
2003 03 18 1154 1344 S 14 W 46 B            
2003 03 18 1156 1311 S 15 W 46 B   200      
2003 03 18 1315 1418 N 17 E 40 F            
2003 03 18 1620 1625 S 16 W 48 F    13      
2003 03 18 2302 2437 S 13 W 55 F   285      
2003 03 19 0159 0204 S 15 W 54 F    34      
2003 03 19 0211 0518 S 14 W 56 N   155      
2003 03 19 0701 0704 S 12 W 60 F   301      
2003 03 19 0841 0843 S 15 W 54 F            
2003 03 19 0938 1035 S 15 W 56 N            
2003 03 19 0942 0957 S 15 W 57 N   131      
2003 03 19 0956 0957 S 15 W 78 F    11      
2003 03 19 1101 1107 S 15 W 57 F            
2003 03 19 1123 1134 S 16 W 57 F            
2003 03 19 1328 1354 S 15 W 59 F            
2003 03 19 1330 1354 S 07 W 61 F   414      
2003 03 19 1647 1654 S 11 W 66 F    11      
2003 03 19 1819 1834 S 11 W 66 F    63      
2003 03 19 1848 1920 S 14 W 64 F    80      
2003 03 19 1849 1918 S 13 W 65 F    63      
2003 03 20 0223 0236 S 13 W 72 F    91      
2003 03 20 1127 1142 S 14 W 74 F            
2003 03 20 1128 1135 S 04 W 75 F   152      
2003 03 20 1454 1459 S 14 E 01 F            
2003 03 21 0948 1026 S 25 E 15 F            
2003 03 25 1246 1305 N 12 E 32 F    21      
2003 03 25 1337 1340 N 06 E 72 F            
2003 03 25 1539 1547 N 07 E 72 F    17      
2003 03 25 1605 1610 S 01 E 72 F    19      
2003 03 25 1627 1641 N 05 E 69 F    47      
2003 03 25 1628 1643 S 01 E 69 F    58      
2003 03 26 0753 0800 N 03 E 62 F    29      
2003 03 26 0756 0802 S 07 E 48 F            
2003 03 26 0756 0802 N 06 E 59 F            
2003 03 26 0828 0830 N 06 E 59 F            
2003 03 26 1652 1656 N 06 E 59 F    15      
2003 03 26 1707 1723 S 01 E 60 F    39      
2003 03 26 1708 1725 N 07 E 57 F    52      
2003 03 27 0649 0748 N 08 E 50 F            
2003 03 27 1127 1153 N 11 E 04 F            
2003 03 29 1015 1034 S 12 W 14 F    62      
2003 03 29 1229 1240 S 09 E 05 F    53      
2003 03 29 1351 1357 S 09 E 06 F    17      
2003 03 29 1451 1457 S 09 E 06 F    17      
2003 03 29 1504 1531 S 12 W 19 F    32      
2003 03 29 1509 1524 S 11 W 19 F    17      
2003 03 29 1511 1528 S 08 E 02 F    10      
2003 03 29 1834 1902 S 11 W 20 F   147      
2003 03 29 2049 2057 S 11 W 21 F    19      
2003 03 30 1803 1816 N 01 W 02 F    16      
2003 03 31 1618 1630 S 07 W 26 F    36      
2003 03 31 2123 2139 S 14 E 38 F    36      
2003 03 31 2125 2144 S 17 E 38 F    36      
2003 04 01 0001 0015 S 12 W 50 F    10      
2003 04 01 0807 0810 S 18 W 52 F            
2003 04 01 0959 1005 S 11 E 02 F            
2003 04 01 1436 1512 S 14 W 56 F    68      
2003 04 01 1436 1459 S 13 W 57 F            
2003 04 02 0012 0023 S 12 E 07 F   134      
2003 04 02 0012 0020 S 12 W 07 F    45      
2003 04 02 1129 1138 S 11 W 14 F    19      
2003 04 02 1511 1529 S 10 W 16 F    40      
2003 04 02 1527 1548 S 11 W 14 F    31      
2003 04 02 2042 2047 S 12 W 21 F    22      
2003 04 03 0138 0149 S 07 W 30 F    53      
2003 04 03 0434 0443 S 07 W 32 F    13      
2003 04 03 1017 1050 S 10 W 25 F   147      
2003 04 03 1038 1107 S 11 W 26 F   110      
2003 04 03 1817 1824 S 12 W 30 F    39      
2003 04 03 2016 2024 S 12 W 31 F    24      
2003 04 03 2235 2243 S 11 W 35 F    10      
2003 04 04 0134 0142 N 09 W 62 F    15      
2003 04 04 0238 0248 S 04 W 65 F    35      
2003 04 04 0837 0847 S 08 W 40 F    51      
2003 04 04 0839 0847 S 08 W 48 F    43      
2003 04 04 1213 1223 S 12 W 40 F    13      
2003 04 04 1347 1402 N 06 W 62 F    20      
2003 04 04 1352 1356 N 06 W 61 F            
2003 04 04 1415 1427 S 12 W 43 F    92      
2003 04 04 1416 1508 N 08 W 62 F    28      
2003 04 04 1436 1454 S 11 W 40 F    37      
2003 04 04 1702 1718 N 09 W 68 F    48      
2003 04 04 1729 1741 N 08 W 64 F    24      
2003 04 04 1735 1745 S 12 W 45 F    36      
2003 04 04 1851 1856 S 11 W 43 F    15      
2003 04 04 1857 1900 N 08 W 66 F    13      
2003 04 04 1907 1922 N 08 W 65 F    35      
2003 04 04 1948 1954 N 08 W 66 F    18      
2003 04 04 1950 2123 S 11 W 40 F   155      
2003 04 04 2050 2109 N 08 W 66 F    39      
2003 04 05 0843 0906 S 11 W 59 F            
2003 04 05 0908 0959 S 11 W 59 F            
2003 04 05 1014 1028 S 11 W 59 F            
2003 04 05 1033 1046 S 11 W 59 F            
2003 04 05 1503 1520 S 11 W 56 F    61      
2003 04 05 1503 1520 S 12 W 58 F    63      
2003 04 05 1723 1726 S 12 W 59 F    10      
2003 04 06 1922 1947 S 09 W 71 F    40      
2003 04 08 1222 1224 N 04 E 15 F            
2003 04 08 1941 1952 S 10 W 63 F    12      
2003 04 09 0117 0130 S 10 W 71 F    65      
2003 04 09 0350 0403 S 08 W 76 F    19      
2003 04 09 2327 2335 S 10 W 78 F   130      
2003 04 10 0030 0120 S 10 E 77 F   732      
2003 04 10 2325 2341 S 08 E 89 N    99      
2003 04 13 0849 0902 N 07 W 50 F    53      
2003 04 13 0851 0859 N 10 W 52 F    30      
2003 04 14 0815 0828 S 04 E 58 F    19      
2003 04 14 0818 0825 S 05 E 60 F    19      
2003 04 14 1310 1323 S 08 E 22 F            
2003 04 17 0838 0843 S 19 E 10 N            
2003 04 19 1440 1447 N 17 E 27 F    12      
2003 04 20 0728 0732 S 13 E 67 F    20      
2003 04 20 1921 1937 N 18 W 49 F    51      
2003 04 20 2146 2155 N 17 W 42 F    11      
2003 04 21 0034 0048 N 17 W 47 F    10      
2003 04 21 1302 1325 N 18 E 02 N   115      
2003 04 21 1554 1610 S 13 E 47 F    47      
2003 04 21 1742 1747 N 16 W 53 F    29      
2003 04 21 1932 1942 N 18 W 52 F    11      
2003 04 21 2136 2201 S 08 E 47 F    38      
2003 04 21 2232 2237 N 18 W 64 F    11      
2003 04 22 0634 0655 N 17 W 10 F            
2003 04 22 1615 1623 N 20 W 18 F    30      
2003 04 22 1616 1622 N 19 W 18 F    30      
2003 04 22 1957 2022 N 20 W 14 F    35      
2003 04 22 2106 2112 N 17 W 70 F    26      
2003 04 23 0045 0140 N 22 W 25 N   187      
2003 04 23 1541 1629 N 19 W 23 F    82      
2003 04 23 1543 1625 N 20 W 22 F   157      
2003 04 23 1623 1626 N 17 W 78 F    16      
2003 04 24 0532 0548 S 15 E 08 F    54      
2003 04 24 0559 0615 S 16 E 12 F            
2003 04 24 1250 1312 N 21 W 39 N   132      
2003 04 24 1250 1321 N 19 W 36 F    66      
2003 04 24 1349 1358 S 18 E 83 F    24      
2003 04 24 1423 1439 S 18 E 83 F    31      
2003 04 24 2329 2337 N 21 W 42 F    10      
2003 04 25 0526 0537 N 14 E 79 F    41      
2003 04 25 0603 0615 N 12 E 71 F            
2003 04 25 0823 0832 N 14 E 32 F            
2003 04 25 0824 0853 N 18 W 37 F            
2003 04 25 0921 0927 N 18 W 45 F            
2003 04 25 1348 1430 N 22 W 54 F    39      
2003 04 25 1415 1419 N 22 W 56 F    16      
2003 04 25 1424 1430 N 22 W 57 F    18      
2003 04 25 1715 1735 N 21 W 54 F    14      
2003 04 25 1926 1937 N 20 W 57 F    34      
2003 04 25 1943 2008 N 19 W 58 F    80      
2003 04 25 2054 2113 N 21 W 62 F    36      
2003 04 26 0057 0105 N 20 W 65 F    29      
2003 04 26 0140 0235 N 21 W 59 F   120      
2003 04 26 0305 0315 N 20 W 69 N    52      
2003 04 26 0656 0704 N 13 W 59 F            
2003 04 26 0803 0816 N 18 W 74 N            
2003 04 26 1423 1428 N 20 W 74 F    20      
2003 04 26 1423 1428 N 20 W 73 F    21      
2003 04 26 1444 1456 N 20 W 74 F    19      
2003 04 26 1525 1529 N 21 W 66 F    15      
2003 04 26 1634 1638 N 20 W 72 F    26      
2003 04 26 1634 1638 N 21 W 67 F    27      
2003 04 26 1758 1830 N 20 W 75 F    13      
2003 04 26 1935 1947 N 21 W 67 F    71      
2003 04 26 2321 2326 N 20 W 71 F    17      
2003 04 27 0015 0018 N 21 W 71 F    15      
2003 04 27 0030 0036 N 20 W 71 F    16      
2003 04 27 0044 0122 N 21 W 67 F   384      
2003 04 27 0310 0322 S 16 E 57 F    34      
2003 04 27 1531 1550 N 21 W 85 F    26      
2003 04 28 1523 1550 S 14 W 43 F    12      
2003 04 28 1815 1826 N 16 W 13 F    20      
2003 04 29 0436 0444 S 12 W 56 F    45      
2003 04 29 0445 0521 S 12 W 55 F   104      
2003 04 29 0907 0925 S 13 E 28 F            
2003 04 29 0926 0953 S 13 E 28 F            
2003 04 29 0957 1215 S 13 E 27 F            
2003 04 29 1245 1419 S 13 E 24 F            
2003 04 29 1401 1410 S 13 E 27 F    14      
2003 04 29 1420 1502 S 13 E 26 F            
2003 04 29 2117 2128 S 13 E 24 F    11      
2003 04 29 2241 2245 S 13 E 17 F    24      
2003 04 29 2337 2436 S 13 E 22 F    59      
2003 04 30 1251 1259 S 12 W 52 F    10      
2003 05 01 0926 0956 S 17 W 10 F            
2003 05 01 1035 1157 S 12 E 00 F            
2003 05 01 1131 1205 S 14 E 03 F    85      
2003 05 01 1118 1127 S 12 E 00 F    10      
2003 05 01 1210 1314 S 12 W 01 F            
2003 05 01 1359 1418 S 12 W 02 F    22      
2003 05 01 1359 1429 S 12 W 02 F    24      
2003 05 01 1359 1428 S 12 W 01 F            
2003 05 01 1846 1852 S 14 W 01 F    48      
2003 05 01 1917 1936 S 12 W 03 F    56      
2003 05 01 2157 2218 S 12 W 06 F    13      
2003 05 02 0253 0329 S 15 W 22 F    96      
2003 05 02 0624 0634 N 14 W 57 F    23      
2003 05 02 1640 1653 S 13 W 29 F    17      
2003 05 02 1807 1840 S 17 W 30 F    23      
2003 05 02 1807 1815 S 20 W 35 F    15      
2003 05 02 1824 1837 S 19 W 35 F    37      
2003 05 02 1841 1846 S 17 W 31 F    11      
2003 05 03 1454 1510 S 33 W 30 F    12      
2003 05 03 1455 1512 S 33 W 30 F    13      
2003 05 03 1833 1839 S 15 W 45 F    60      
2003 05 04 0711 0716 S 32 W 38 F            
2003 05 04 0810 0816 S 14 W 35 F    21      
2003 05 04 1816 1830 S 32 W 46 F    23      
2003 05 04 1857 1908 S 34 W 36 F    21      
2003 05 04 1923 1928 S 33 W 45 F    14      
2003 05 04 1932 1951 S 32 W 46 F    37      
2003 05 04 2135 2153 S 32 W 47 F    12      
2003 05 05 0627 0633 S 15 W 48 F    29      
2003 05 05 0628 0633 S 14 W 49 F    29      
2003 05 05 0628 0632 S 13 W 56 F    19      
2003 05 05 1258 1332 S 34 W 49 F    34      
2003 05 05 2008 2012 S 14 W 58 F    15      
2003 05 06 0015 0020 S 32 W 53 F    27      
2003 05 07 0701 0715 S 35 W 76 F    53      
2003 05 07 0705 0718 S 36 W 74 F    75      
2003 05 07 1558 1603 S 37 W 72 F    20      
2003 05 10 0649 0655 S 14 W 26 F            
2003 05 16 2036 2047 N 15 W 29 F    16      
2003 05 17 0143 0150 S 16 E 05 F    32      
2003 05 18 1058 1121 S 16 W 14 F            
2003 05 18 1715 1718 S 18 W 16 F    11      
2003 05 19 0943 1104 N 18 E 27 F            
2003 05 19 1500 1523 S 24 E 62 F            
2003 05 19 1924 1926 N 19 W 64 F    20      
2003 05 20 0021 0028 S 26 W 30 F    14      
2003 05 20 0022 0028 S 26 W 30 F    15      
2003 05 20 0455 0501 S 26 W 33 F    20      
2003 05 20 1928 1947 S 13 E 15 F    24      
2003 05 22 0607 0634 S 10 W 07 F            
2003 05 22 0635 0740 S 11 W 06 F            
2003 05 22 1347 1403 S 10 W 11 F    14      
2003 05 22 1503 1540 S 11 W 10 F            
2003 05 22 2110 2126 S 14 W 11 F    59      
2003 05 23 0825 0843 S 10 W 15 F    17      
2003 05 24 0808 0840 N 10 E 32 F            
2003 05 24 1142 1146 S 08 E 10 F            
2003 05 24 1342 1350 S 06 E 13 F            
2003 05 24 1515 1530 S 06 E 11 F            
2003 05 25 0426 0433 N 16 E 40 F    19      
2003 05 25 0810 0833 N 11 E 31 F    39      
2003 05 25 1716 1721 S 14 E 35 F    10      
2003 05 25 1732 1812 S 26 E 43 F    33      
2003 05 25 2214 2225 S 07 E 06 F    10      
2003 05 25 2251 2259 S 31 E 39 F    16      
2003 05 26 0543 0831 S 07 E 06 N            
2003 05 26 0547 0637 S 09 E 12 F   131      
2003 05 26 1029 1121 S 06 E 00 F            
2003 05 26 1123 1152 S 07 W 01 F            
2003 05 26 1155 1222 S 07 W 01 F            
2003 05 26 1734 1744 S 05 W 08 F   126      
2003 05 26 2359 2402 S 06 W 08 F    16      
2003 05 27 0243 0327 S 07 W 03 F   125      
2003 05 27 0340 0412 S 07 W 13 F    34      
2003 05 27 0539 0810 S 06 W 13 F   171      
2003 05 27 0539 0750 S 07 W 14 F   186      
2003 05 27 1449 1538 S 05 W 13 F   118      
2003 05 27 1454 1528 S 05 W 13 F   167      
2003 05 27 2258 2359 S 05 E 20 B   573      
2003 05 27 2302 2329 S 12 E 11 F    72      
2003 05 27 2303 2320 S 12 W 10 F    29      
2003 05 27 2258 2645 S 06 W 20 B   439      
2003 05 27 2345 2645 S 06 W 24 B   410      
2003 05 28 0025 0042 S 08 W 22 B  3508      
2003 05 27 2350 2356 S 32 E 06 F    53      
2003 05 28 0101 0107 S 08 W 32 B  2352      
2003 05 28 0558 0648 S 05 W 21 F            
2003 05 28 0943 1004 S 06 W 23 F            
2003 05 28 0944 1003 S 05 W 24 F    38      
2003 05 28 1024 1032 S 06 W 24 F            
2003 05 28 1235 1243 S 04 W 26 F    20      
2003 05 28 1236 1243 S 04 W 27 F    20      
2003 05 28 1319 1322 S 05 W 26 F            
2003 05 28 1334 1436 S 03 W 26 F    50      
2003 05 28 1423 1427 S 05 W 27 F    30      
2003 05 28 1448 1629 S 01 W 27 F    81      
2003 05 28 1636 1645 S 07 W 33 F    15      
2003 05 28 1722 2001 N 00 W 28 F   170      
2003 05 28 2008 2038 S 07 W 35 F    55      
2003 05 28 2030 2036 S 28 E 00 F    18      
2003 05 28 2042 2059 N 00 W 29 F    51      
2003 05 28 2052 2108 N 11 E 73 F    25      
2003 05 28 2102 2135 S 01 W 28 F    18      
2003 05 28 2109 2117 N 07 E 58 F    18      
2003 05 28 2118 2124 N 07 E 58 F    13      
2003 05 28 2205 2211 S 07 W 36 F    58      
2003 05 29 0020 0030 S 07 W 37 F    40      
2003 05 29 0020 0223 S 06 W 37 B   548      
2003 05 29 0035 0157 S 07 W 38 B   423      
2003 05 29 0210 0239 S 37 E 03 F   109      
2003 05 29 1932 2007 S 35 W 13 N   194      
2003 05 30 0045 0057 S 36 W 17 F    64      
2003 05 30 0128 0138 S 06 W 51 F    46      
2003 05 30 0327 0343 S 07 W 55 F    18      
2003 05 30 0552 0606 S 05 W 54 F    27      
2003 05 30 0642 0712 S 05 W 51 N    84      
2003 05 30 0653 0707 S 04 W 50 F    54      
2003 05 30 0852 0938 N 08 E 51 F    76      
2003 05 30 0852 0946 N 10 E 50 N            
2003 05 30 0903 0954 S 06 W 50 F            
2003 05 30 1039 1108 S 26 W 25 F            
2003 05 30 1450 1458 S 07 W 59 F    12      
2003 05 30 1719 1748 S 02 W 54 F    70      
2003 05 30 1931 1934 S 02 W 54 F    19      
2003 05 31 0024 0041 N 07 E 30 F    30      
2003 05 31 0218 0338 S 07 W 65 B   512      
2003 05 31 1407 1424 S 05 W 72 F    19      
2003 05 31 1529 1540 S 07 W 73 F    28      
2003 05 31 2321 2326 S 03 W 73 F    23      
2003 06 01 0048 0109 S 34 W 40 F    43      
2003 06 01 1345 1351 N 09 E 90 F    70      
2003 06 01 1658 1704 S 08 W 80 F    28      
2003 06 02 0022 0037 S 06 W 90 F    48      
2003 06 02 0023 0043 S 06 W 90 F    76      
2003 06 02 0023 0035 N 09 E 76 F    54      
2003 06 02 0035 0047 S 07 W 90 F    27      
2003 06 02 0049 0058 S 06 W 90 F    39      
2003 06 02 0425 0432 N 12 E 73 F    32      
2003 06 02 0545 0603 N 11 E 73 F    29      
2003 06 02 0841 0844 S 07 W 89 F    13      
2003 06 02 1214 1217 N 07 E 73 F    27      
2003 06 02 1227 1231 N 07 E 71 F    12      
2003 06 02 1516 1612 N 10 E 71 F   160      
2003 06 02 1538 1542 S 10 W 90 F    40      
2003 06 02 1631 1651 N 10 E 70 F    75      
2003 06 02 1653 1702 N 10 E 66 F    37      
2003 06 02 1723 1751 N 10 E 70 F    94      
2003 06 02 1925 1931 N 12 E 78 F    14      
2003 06 02 2146 2153 N 09 E 68 F    18      
2003 06 02 2208 2218 N 10 E 68 F    28      
2003 06 02 2235 2240 N 09 E 67 F    15      
2003 06 02 2304 2308 N 10 E 67 F    17      
2003 06 02 2344 2357 N 04 E 00 F    32      
2003 06 03 0053 0058 N 09 E 64 F    17      
2003 06 03 0807 0815 N 10 E 62 F            
2003 06 03 1054 1101 N 09 E 56 F            
2003 06 03 2229 2233 N 10 E 54 F    24      
2003 06 04 0558 0603 N 11 E 50 F            
2003 06 05 1729 1747 N 11 E 30 F    11      
2003 06 05 1848 1902 N 11 E 30 F    12      
2003 06 06 0404 0426 N 09 E 30 F    20      
2003 06 06 1347 1434 N 12 E 18 F   108      
2003 06 06 1353 1411 N 14 E 16 F   104      
2003 06 06 1504 1527 N 11 E 19 F    18      
2003 06 06 1554 1637 N 10 E 17 F    31      
2003 06 06 1740 1756 N 17 E 66 F    33      
2003 06 06 1925 1929 N 10 E 15 F    12      
2003 06 06 2335 2412 N 13 E 17 F   158      
2003 06 07 0218 0224 N 08 E 17 F    27      
2003 06 07 0324 0330 N 08 E 17 F    23      
2003 06 07 1037 1040 N 10 E 08 F    38      
2003 06 07 1321 1330 N 13 W 08 F            
2003 06 07 2034 2054 N 13 W 04 F    33      
2003 06 08 0437 0529 N 12 W 07 F   125      
2003 06 08 0610 0626 S 13 E 49 F    55      
2003 06 08 0619 0623 N 13 W 10 F    13      
2003 06 08 0651 0750 N 11 W 10 F            
2003 06 08 1140 1202 S 20 E 64 F    35      
2003 06 08 1142 1156 S 22 E 63 F    35      
2003 06 08 1203 1217 S 19 E 63 F    36      
2003 06 08 1337 1347 S 12 E 57 F    13      
2003 06 08 1347 1441 N 12 W 14 F    24      
2003 06 08 1530 1547 S 12 E 57 F    11      
2003 06 08 1556 1651 S 19 E 62 N   333      
2003 06 08 1659 1704 N 13 W 15 F    19      
2003 06 08 1706 1721 S 14 E 53 F    18      
2003 06 08 1821 1827 N 13 W 20 F    15      
2003 06 08 1823 1841 S 19 E 60 F    43      
2003 06 08 1850 1858 N 13 W 18 F    16      
2003 06 08 1908 1917 S 20 E 59 F    15      
2003 06 08 1929 1938 S 20 E 61 F    10      
2003 06 08 2128 2137 S 17 E 56 F    18      
2003 06 08 2137 2156 N 13 W 13 F    38      
2003 06 08 2319 2322 S 17 E 56 F    24      
2003 06 09 0102 0157 S 17 E 49 F    45      
2003 06 09 0601 0608 N 10 W 16 F    13      
2003 06 09 0647 0705 N 11 W 20 F    19      
2003 06 09 0657 0703 N 10 W 17 F    19      
2003 06 09 0704 0803 N 10 W 17 F    57      
2003 06 09 0855 0924 N 11 W 24 F            
2003 06 09 1016 1026 N 11 W 29 F    44      
2003 06 09 1057 1104 N 12 W 28 F    24      
2003 06 09 1057 1106 N 12 W 28 F            
2003 06 09 1124 1137 N 11 W 29 N   160      
2003 06 09 1703 1755 N 16 W 25 F    36      
2003 06 09 1756 1847 N 13 W 24 F    15      
2003 06 09 1933 1952 N 12 W 29 F    45      
2003 06 09 1937 1941 S 20 E 47 F    45      
2003 06 09 2006 2042 S 13 E 41 F    71      
2003 06 09 2043 2048 S 14 E 40 F    12      
2003 06 09 2008 2015 N 13 W 36 F    21      
2003 06 09 2025 2033 N 13 W 37 F    13      
2003 06 09 2055 2109 N 12 W 38 F    27      
2003 06 09 2327 2334 N 13 W 32 F    15      
2003 06 10 0024 0043 N 14 W 45 F    12      
2003 06 10 0039 0114 S 21 E 49 F    37      
2003 06 10 0132 0154 S 18 E 50 F    14      
2003 06 10 0152 0200 N 13 W 45 F    20      
2003 06 10 0212 0223 N 14 W 45 F    26      
2003 06 10 0226 0242 N 13 W 45 F    18      
2003 06 10 0251 0336 N 13 W 41 N   104      
2003 06 10 0337 0353 N 13 W 41 F    79      
2003 06 10 0607 0613 N 16 W 39 F            
2003 06 10 0618 0627 N 11 W 44 F    16      
2003 06 10 0653 0702 N 13 W 30 F    12      
2003 06 10 0650 0705 N 14 W 44 F    19      
2003 06 10 0657 0705 N 15 W 45 F    19      
2003 06 10 0659 0705 S 21 E 23 F    15      
2003 06 10 0758 0817 N 12 W 45 F   121      
2003 06 10 0826 0848 N 13 W 45 N    80      
2003 06 10 0826 0848 N 12 W 44 N   104      
2003 06 10 1054 1136 N 12 W 44 N   259      
2003 06 10 1056 1138 N 11 W 45 N   259      
2003 06 10 1239 1345 N 12 W 43 F   114      
2003 06 10 1410 1447 N 10 W 45 F    26      
2003 06 10 1527 1533 S 12 E 30 F    17      
2003 06 10 1616 1653 N 12 W 44 F   167      
2003 06 10 1622 1638 N 13 W 36 F    81      
2003 06 10 1708 1724 N 12 W 41 F    10      
2003 06 10 1727 1933 N 14 W 44 F    75      
2003 06 10 1952 2009 N 13 W 38 F    19      
2003 06 10 2031 2034 N 14 W 45 F    13      
2003 06 10 2206 2524 N 14 W 50 N   470      
2003 06 11 0244 0317 N 14 W 56 F    54      
2003 06 11 0453 0521 N 10 W 55 F    71      
2003 06 11 0716 0722 N 10 W 58 F    35      
2003 06 11 0717 0721 N 10 W 59 F    35      
2003 06 11 0821 0841 N 09 W 58 F   103      
2003 06 11 0825 0839 N 12 W 60 F    54      
2003 06 11 0931 0936 N 11 W 58 F            
2003 06 11 0942 0950 N 10 W 60 F    23      
2003 06 11 0943 0950 N 10 W 61 F    23      
2003 06 11 1016 1036 N 10 W 58 F            
2003 06 11 1027 1038 N 09 W 61 F    91      
2003 06 11 1049 1108 N 11 W 57 F            
2003 06 11 1311 1536 N 13 W 60 N    91      
2003 06 11 1443 1510 N 12 W 62 F    41      
2003 06 11 1314 1342 N 11 W 61 F   116      
2003 06 11 1347 1356 N 11 W 67 F    21      
2003 06 11 1404 1407 N 09 W 65 F    20      
2003 06 11 1413 1421 N 10 W 65 F    31      
2003 06 11 1517 1549 N 10 W 61 F    47      
2003 06 11 1609 1716 N 12 W 59 F   101      
2003 06 11 1721 1830 S 17 E 22 F    82      
2003 06 11 1723 1744 S 18 E 22 F    60      
2003 06 11 1832 1901 N 13 W 60 F    51      
2003 06 11 1943 1955 N 10 W 64 F    63      
2003 06 11 2001 2122 N 14 W 57 N   228      
2003 06 11 2122 2126 N 14 W 55 F    19      
2003 06 11 2108 2117 S 19 W 05 F    22      
2003 06 11 2144 2222 N 15 W 63 F    11      
2003 06 11 2239 2247 N 05 W 27 F    13      
2003 06 11 2337 2420 N 13 W 65 F    38      
2003 06 12 0101 0331 N 10 W 54 N   239      
2003 06 12 0101 0143 N 15 W 65 F   179      
2003 06 12 0441 0451 N 08 W 69 F    64      
2003 06 12 0443 0447 N 10 W 55 F    23      
2003 06 12 0529 0539 N 08 W 69 F    22      
2003 06 12 0547 0652 S 16 E 16 F    40      
2003 06 12 0636 0651 S 17 E 15 F            
2003 06 12 0651 0657 N 13 W 57 F    20      
2003 06 12 0713 0716 N 10 W 75 F            
2003 06 12 0713 0718 N 11 W 77 F    45      
2003 06 12 0805 0817 N 11 W 70 F            
2003 06 12 0812 0817 N 08 W 76 F    31      
2003 06 12 0806 0809 N 08 W 74 F    29      
2003 06 12 0814 0921 S 18 E 15 F    77      
2003 06 12 0826 0850 S 20 E 22 F    55      
2003 06 12 0815 0820 S 18 E 21 F    15      
2003 06 12 0856 0906 N 10 W 73 F            
2003 06 12 0947 0958 S 17 E 14 F    18      
2003 06 12 0947 0958 S 17 E 14 F    18      
2003 06 12 1024 1031 N 12 W 75 F            
2003 06 12 1401 1409 N 09 W 72 F    44      
2003 06 12 1403 1407 N 08 W 80 F    30      
2003 06 12 1412 1416 N 11 W 74 F    16      
2003 06 12 1416 1421 N 12 W 72 F    12      
2003 06 12 1507 1513 N 16 W 37 F            
2003 06 12 1533 1542 N 15 W 73 F    14      
2003 06 12 1547 1559 N 14 W 73 F    25      
2003 06 12 1700 1721 N 14 W 73 F    30      
2003 06 12 1722 1751 N 12 W 85 F    54      
2003 06 12 1901 1908 S 19 E 09 F    10      
2003 06 12 1920 1931 N 15 W 76 F    85      
2003 06 12 1958 2018 N 13 W 77 F    78      
2003 06 12 2046 2050 N 13 W 76 F    21      
2003 06 12 2052 2100 N 13 W 76 F    17      
2003 06 12 2303 2312 N 14 W 90 F    32      
2003 06 12 2340 2356 N 13 W 77 F    44      
2003 06 13 0002 0007 N 12 W 73 F    37      
2003 06 13 0012 0034 N 12 W 76 F    87      
2003 06 13 0008 0036 S 20 W 01 F    17      
2003 06 13 0101 0107 N 13 W 81 F    42      
2003 06 13 0114 0122 S 18 W 23 F    24      
2003 06 13 0434 0445 N 15 W 78 F    44      
2003 06 13 0522 0526 N 18 W 63 F    21      
2003 06 13 0521 0531 N 14 W 80 F    71      
2003 06 13 0528 0531 N 15 W 78 F    16      
2003 06 13 0629 0714 N 14 W 81 F    66      
2003 06 13 0700 0717 N 16 W 52 F    29      
2003 06 13 1652 1704 N 05 W 50 F    16      
2003 06 13 1824 1828 N 13 W 86 F    32      
2003 06 14 0003 0024 S 18 W 16 F    10      
2003 06 14 1754 1810 S 20 W 16 F    27      
2003 06 15 0042 0049 N 02 W 72 F    24      
2003 06 15 2357 2427 S 07 E 80 F    61      
2003 06 16 0002 0007 S 17 W 37 F    15      
2003 06 16 0337 0345 S 12 W 48 F    26      
2003 06 16 1159 1205 S 12 E 83 F    88      
2003 06 16 1631 1635 S 10 E 80 F    39      
2003 06 17 0102 0110 S 07 E 66 F    56      
2003 06 17 0600 0610 S 07 E 63 F    44      
2003 06 17 0603 0608 S 11 E 72 F    25      
2003 06 17 1618 1629 N 19 E 83 F    16      
2003 06 17 1751 1800 N 19 E 82 F    19      
2003 06 17 2147 2209 S 07 E 55 F   150      
2003 06 18 0010 0017 S 09 E 60 F    16      
2003 06 18 0519 0540 N 16 E 78 F    67      
2003 06 18 1642 1648 N 17 E 65 F    27      
2003 06 18 1711 1735 N 18 E 64 F    24      
2003 06 18 1909 1918 N 18 E 66 F    12      
2003 06 18 1941 1945 N 18 E 63 F    21      
2003 06 20 2103 2117 S 02 W 07 F    11      
2003 06 20 2224 2242 S 09 E 17 F    29      
2003 06 21 1310 1323 S 02 W 16 F    26      
2003 06 21 1725 1739 S 07 E 08 F    33      
2003 06 21 2334 2343 N 00 W 22 F    14      
2003 06 22 0948 0954 N 04 W 28 F    42      
2003 06 22 2147 2154 N 00 W 34 F    13      
2003 06 23 1540 1546 S 04 W 19 F    18      
2003 06 23 1705 1711 N 02 W 45 F    27      
2003 06 24 0453 0506 N 14 E 01 F    26      
2003 06 24 0453 0506 N 13 E 01 F    26      
2003 06 24 0629 0638 N 13 W 02 F            
2003 06 24 0850 0904 N 14 W 02 F    12      
2003 06 24 0856 0903 N 14 W 02 F    12      
2003 06 24 0920 0937 N 13 W 02 F            
2003 06 24 1019 1038 N 14 W 04 F    72      
2003 06 24 1019 1039 N 13 W 04 F            
2003 06 24 1130 1135 N 14 W 04 F    13      
2003 06 24 1231 1235 N 14 W 04 F    20      
2003 06 24 1324 1345 N 13 W 07 F    37      
2003 06 25 0816 0819 N 15 W 16 F            
2003 06 25 1518 1525 S 17 E 62 F    12      
2003 06 29 1606 1609 S 04 W 35 F    11      
2003 06 29 1912 1919 S 03 W 43 F    23      
2003 06 29 2150 2213 S 02 W 45 F    52      
2003 06 30 0007 0028 S 04 W 45 F    58      
2003 06 30 0008 0025 S 03 W 48 F    54      
2003 06 30 0019 0030 N 10 E 52 F    40      
2003 06 30 0220 0250 S 03 W 49 F    66      
2003 06 30 0513 0522 S 04 W 51 F    23      
2003 06 30 0733 0801 N 04 E 40 F   241      
2003 06 30 0735 0802 N 04 E 40 F   241      
2003 06 30 0735 0759 N 04 E 48 F   151      
2003 06 30 0901 0908 S 03 W 46 F            
2003 06 30 0915 0949 N 17 W 19 F            
2003 06 30 1501 1525 N 17 E 60 F    75      
2003 07 01 1336 1407 N 09 E 23 F    30      
2003 07 02 0136 0142 N 03 E 72 F    42      
2003 07 02 0249 0302 N 10 E 35 F    19      
2003 07 02 0709 0816 N 13 E 34 N   200      
2003 07 02 0711 0806 N 13 E 25 F   120      
2003 07 02 1540 1549 N 02 E 62 F    21      
2003 07 03 0108 0120 N 03 E 58 F    31      
2003 07 03 0420 0435 N 14 E 18 F    42      
2003 07 03 0422 0428 N 14 E 11 F    18      
2003 07 03 0449 0455 N 09 E 01 F    14      
2003 07 03 0457 0502 N 02 E 59 F    44      
2003 07 03 0555 0614 N 13 E 23 F    37      
2003 07 03 0559 0609 N 14 E 15 F    13      
2003 07 03 1207 1225 N 15 E 05 F    75      
2003 07 03 1229 1238 N 15 E 11 F    15      
2003 07 03 1340 1351 N 13 E 10 F    25      
2003 07 03 1446 1512 N 04 E 51 F    40      
2003 07 03 1452 1504 N 05 E 51 F    32      
2003 07 03 2103 2112 N 09 W 08 F    21      
2003 07 03 2213 2237 N 13 E 06 F    29      
2003 07 04 0007 0056 N 13 E 09 F    79      
2003 07 04 0009 0053 N 09 W 10 F    29      
2003 07 04 0400 0413 N 09 W 12 F    28      
2003 07 04 0539 0552 N 09 W 13 F    10      
2003 07 04 0604 0621 N 13 E 05 F    94      
2003 07 04 0745 0753 N 09 W 14 F    20      
2003 07 04 1231 1236 N 09 W 16 F    46      
2003 07 04 1255 1309 N 14 W 10 F    34      
2003 07 04 1435 1553 N 05 E 32 F   190      
2003 07 04 1737 1742 N 09 W 19 F    12      
2003 07 04 1745 1814 N 09 W 20 F    15      
2003 07 05 0911 0924 N 13 W 17 F    21      
2003 07 05 1239 1249 N 13 W 20 F    15      
2003 07 05 1657 1716 N 13 W 22 F    54      
2003 07 05 1700 1712 N 12 W 23 F    44      
2003 07 05 1940 2018 N 11 W 26 F    50      
2003 07 05 2333 2339 N 05 E 20 F    10      
2003 07 06 0009 0019 N 04 E 18 F    20      
2003 07 06 0023 0025 N 05 E 18 F    92      
2003 07 06 0059 0122 N 05 E 25 F    33      
2003 07 06 0332 0345 N 05 E 24 F    17      
2003 07 06 0434 0450 N 12 W 30 F    97      
2003 07 06 1806 1819 N 15 W 31 F    18      
2003 07 06 1830 1850 N 15 W 32 F    40      
2003 07 06 2003 2011 N 12 W 35 F    17      
2003 07 06 2036 2043 N 17 W 31 F    14      
2003 07 07 1128 1132 N 10 W 48 F            
2003 07 07 1908 1921 N 16 W 42 F    13      
2003 07 08 0101 0106 N 12 W 60 F    28      
2003 07 08 0228 0231 N 13 W 66 F    50      
2003 07 08 0551 0623 S 10 W 49 F    22      
2003 07 08 0554 0614 S 10 W 50 F    13      
2003 07 08 0724 0743 S 11 W 48 F   100      
2003 07 08 1355 1401 S 12 W 53 F    17      
2003 07 08 1557 1602 S 12 W 52 F    12      
2003 07 08 1559 1603 S 10 W 54 F    10      
2003 07 08 1612 1638 S 10 W 54 F    43      
2003 07 08 1612 1641 S 12 W 52 F    16      
2003 07 08 1621 1624 N 05 W 16 F    11      
2003 07 08 2342 2346 N 16 W 58 F    12      
2003 07 08 2349 2354 N 16 W 58 F    16      
2003 07 09 0638 0642 S 11 W 59 F    15      
2003 07 09 1126 1135 N 03 W 36 F    11      
2003 07 09 1441 1503 S 12 W 65 F    33      
2003 07 09 1521 1536 N 05 W 28 F    10      
2003 07 09 1629 1632 N 13 W 84 F    18      
2003 07 09 1629 1632 N 14 W 86 F    18      
2003 07 09 2102 2126 S 08 E 26 F    18      
2003 07 09 2209 2218 N 05 W 35 F    13      
2003 07 09 2222 2510 N 04 W 38 F    52      
2003 07 09 2238 2511 N 14 W 75 F    37      
2003 07 10 0321 0335 N 06 W 42 F    95      
2003 07 10 1425 1430 N 13 W 91 F    31      
2003 07 10 1744 1748 S 10 E 12 F    18      
2003 07 10 2356 2357 S 10 E 13 F    17      
2003 07 11 1036 1039 N 16 W 90 F    88      
2003 07 12 1616 1624 N 16 E 90 F    26      
2003 07 12 1904 1920 N 16 E 79 F    95      
2003 07 12 2047 2052 N 15 E 91 F    21      
2003 07 13 0121 0130 S 11 W 01 F    39      
2003 07 13 0825 0828 N 14 E 33 F            
2003 07 13 1223 1223 S 09 W 25 F            
2003 07 13 1620 1627 N 22 E 68 F    34      
2003 07 13 2211 2220 N 15 E 75 F    19      
2003 07 13 2308 2314 N 16 E 73 F    43      
2003 07 13 2351 2413 N 14 E 22 F    47      
2003 07 13 2355 2402 N 14 E 31 F    13      
2003 07 14 1506 1509 N 18 E 56 F    11      
2003 07 14 1711 1723 N 18 E 55 F    18      
2003 07 14 2054 2102 N 16 E 62 F    17      
2003 07 14 2304 2309 N 16 E 63 F    27      
2003 07 16 1220 1240 S 14 E 29 F    27      
2003 07 16 1220 1241 S 12 E 29 F            
2003 07 16 1342 1402 S 11 E 31 F    17      
2003 07 16 1604 1625 S 11 E 30 F    31      
2003 07 17 0819 0857 N 15 E 21 N   149      
2003 07 17 0819 0859 N 15 E 13 N            
2003 07 17 1530 1545 S 14 E 15 F    29      
2003 07 17 1651 1700 S 12 E 18 F    16      
2003 07 17 1742 1755 S 12 E 18 F    32      
2003 07 17 1753 1834 N 16 E 10 F    47      
2003 07 17 1838 1849 S 12 E 17 F    48      
2003 07 17 2352 2434 S 11 E 13 N   173      
2003 07 18 0408 0423 S 11 E 11 F    30      
2003 07 18 0535 0544 N 15 E 02 F    36      
2003 07 18 0535 0546 N 14 E 02 F    48      
2003 07 18 0722 0727 S 11 E 09 F    18      
2003 07 18 0738 0748 S 12 E 09 F    16      
2003 07 18 1337 1342 S 14 E 06 F    22      
2003 07 18 1349 1356 N 16 E 02 F    13      
2003 07 18 1447 1518 S 13 E 05 F    23      
2003 07 18 1523 1527 N 16 W 02 F    12      
2003 07 18 1826 1843 S 12 E 04 F    56      
2003 07 18 1951 2009 N 14 W 06 F    16      
2003 07 18 2236 2249 N 16 W 05 F    16      
2003 07 19 0130 0156 N 14 W 09 F    36      
2003 07 19 0320 0326 S 12 E 00 F    22      
2003 07 19 0929 0938 S 12 W 06 F   107      
2003 07 19 0930 0938 S 12 W 06 F   107      
2003 07 19 1523 1531 S 14 W 07 F    10      
2003 07 19 1552 1555 S 11 W 08 F    11      
2003 07 19 1552 1555 S 11 W 08 F            
2003 07 19 1733 1738 N 13 E 33 F    10      
2003 07 19 2016 2032 S 11 W 13 F    23      
2003 07 19 2358 2409 N 12 E 30 F    21      
2003 07 20 0009 0013 S 11 W 13 F    19      
2003 07 20 0026 0046 S 11 W 13 F    33      
2003 07 20 0057 0129 S 11 W 13 F    50      
2003 07 20 0338 0351 N 12 E 28 F    12      
2003 07 20 0349 0416 S 12 W 15 F    87      
2003 07 20 0835 0840 S 22 W 27 F    18      
2003 07 20 1154 1157 S 20 W 31 F            
2003 07 20 1401 1408 S 12 W 21 F    35      
2003 07 20 1414 1422 S 12 W 21 F    13      
2003 07 20 1448 1456 S 12 W 22 F    28      
2003 07 20 1553 1557 S 12 W 33 F    16      
2003 07 20 1549 1556 S 12 W 22 F    17      
2003 07 20 1553 1557 S 12 W 23 F    17      
2003 07 20 1601 1630 S 12 W 22 F            
2003 07 20 1606 1620 S 12 W 23 F    24      
2003 07 20 1644 1655 S 11 W 23 F            
2003 07 20 1725 1737 S 12 W 22 F    34      
2003 07 20 1725 1744 S 11 W 22 F    32      
2003 07 20 1756 1803 S 11 W 24 F    46      
2003 07 20 1858 1934 S 11 W 24 F    26      
2003 07 20 1906 1921 S 21 W 34 F    19      
2003 07 20 2106 2115 S 11 W 27 F    19      
2003 07 21 0004 0010 S 22 W 37 F    13      
2003 07 21 0031 0056 S 12 W 26 F    42      
2003 07 21 0031 0057 S 12 W 26 F    60      
2003 07 21 0057 0105 S 12 W 26 F    19      
2003 07 21 0227 0232 S 12 W 30 F    16      
2003 07 21 0454 0500 S 12 W 29 F    12      
2003 07 21 0721 0734 S 11 W 31 F            
2003 07 21 0736 0742 S 11 W 31 F            
2003 07 21 0959 1005 S 12 W 32 F    17      
2003 07 21 1000 1005 S 12 W 33 F    17      
2003 07 21 1359 1403 S 12 W 45 F    14      
2003 07 21 1705 1713 S 21 W 43 F    26      
2003 07 21 2200 2215 S 21 W 47 F    61      
2003 07 21 2231 2237 N 15 W 37 F    44      
2003 07 21 2357 2540 S 21 W 56 F    43      
2003 07 21 2359 2430 S 21 W 49 F    35      
2003 07 22 0158 0243 N 17 W 54 F    59      
2003 07 22 0338 0345 S 22 W 52 F    27      
2003 07 22 0612 0616 S 20 W 55 F    28      
2003 07 22 0625 0635 S 19 W 52 F    27      
2003 07 22 0709 0747 S 21 W 53 F   125      
2003 07 22 0818 0833 S 20 W 55 F    80      
2003 07 22 0819 0828 S 19 W 56 F    94      
2003 07 22 1057 1107 S 21 W 57 F            
2003 07 22 1322 1337 S 22 W 59 F    30      
2003 07 22 1418 1430 S 22 W 58 F    19      
2003 07 22 1518 1530 S 21 W 57 F    23      
2003 07 22 1518 1535 S 22 W 58 F    35      
2003 07 22 1743 1751 N 21 W 46 F    14      
2003 07 22 2123 2129 S 21 W 63 F    24      
2003 07 23 0020 0024 S 21 W 62 F    22      
2003 07 23 0131 0152 S 21 W 65 F    29      
2003 07 23 0206 0216 S 21 W 66 F    25      
2003 07 23 0436 0442 S 21 W 66 F    26      
2003 07 23 0549 0616 S 20 W 68 F   114      
2003 07 23 0552 0617 S 19 W 70 F   136      
2003 07 23 0939 0942 N 17 W 57 F    11      
2003 07 23 1131 1142 S 19 W 73 F    24      
2003 07 26 0935 0945 N 05 E 90 F    60      
2003 07 27 2041 2045 N 14 W 25 F    16      
2003 07 28 0101 0106 N 13 W 26 F    18      
2003 07 28 0555 0620 N 14 W 31 F    17      
2003 07 28 0557 0619 N 14 W 31 F    17      
2003 07 28 1346 1352 N 13 W 33 F    13      
2003 07 29 0133 0148 S 13 E 72 F   109      
2003 07 29 1555 1559 S 10 E 63 F    16      
2003 07 29 2348 2402 N 15 W 55 F    22      
2003 07 30 0408 0446 N 14 W 55 B   146      
2003 07 30 0644 0702 N 14 W 57 F            
2003 07 30 0850 0857 S 03 E 48 F    40      
2003 07 30 0958 1012 S 03 E 48 F            
2003 07 31 0440 0444 N 13 W 67 F    23      
2003 08 02 0043 0047 S 18 E 77 F    30      
2003 08 02 0227 0235 S 17 E 75 F    18      
2003 08 02 0244 0248 S 18 E 75 F    17      
2003 08 02 0327 0344 S 18 E 74 F    41      
2003 08 02 0349 0401 S 18 E 74 F    73      
2003 08 02 0702 0715 S 18 E 72 F    28      
2003 08 02 1533 1553 S 17 E 71 F    36      
2003 08 02 1604 1617 S 18 E 70 F    15      
2003 08 02 1625 1726 S 18 E 68 F    40      
2003 08 02 1730 1759 S 17 E 68 F   105      
2003 08 02 1917 2005 S 17 E 67 F    33      
2003 08 02 2116 2156 S 17 E 66 F    69      
2003 08 02 2345 2431 S 17 E 63 F   157      
2003 08 03 0135 0153 S 18 E 62 F    30      
2003 08 03 0223 0250 S 18 E 62 F    75      
2003 08 03 0258 0315 S 18 E 62 F   110      
2003 08 03 0438 0457 S 18 E 61 F    40      
2003 08 03 0514 0523 S 18 E 60 F    41      
2003 08 03 0531 0534 S 18 E 60 F    40      
2003 08 03 0608 0612 S 19 E 58 F    21      
2003 08 03 0701 0705 S 18 E 59 F    27      
2003 08 03 0752 0758 N 04 W 07 F    69      
2003 08 03 0810 0814 S 18 E 58 F    28      
2003 08 03 0934 0948 S 22 E 60 F    27      
2003 08 03 1912 1920 S 16 E 53 F    25      
2003 08 04 0919 0927 S 08 W 24 F            
2003 08 05 0908 0928 S 06 W 34 F    48      
2003 08 05 0912 0927 S 05 W 34 F    48      
2003 08 05 1246 1254 S 16 E 33 N    97      
2003 08 05 1951 1959 S 15 E 29 F    13      
2003 08 07 1129 1141 S 19 E 07 F            
2003 08 07 1150 1201 S 06 W 63 F            
2003 08 07 1703 1716 S 05 W 64 F    19      
2003 08 08 1634 1639 S 10 W 14 F    11      
2003 08 09 0003 0009 S 18 W 14 F    19      
2003 08 10 0126 0133 S 14 E 64 F    20      
2003 08 10 0709 0725 S 14 W 35 F            
2003 08 10 1016 1024 S 06 W 36 F    52      
2003 08 10 1026 1034 S 06 W 35 F    32      
2003 08 10 2315 2319 S 17 W 47 F    16      
2003 08 12 0217 0236 S 10 E 35 F    15      
2003 08 12 0633 0645 S 18 W 59 F    55      
2003 08 12 0634 0639 S 16 W 57 F    13      
2003 08 12 1008 1035 S 11 E 39 F            
2003 08 12 1009 1020 S 14 E 32 F    20      
2003 08 13 0046 0053 S 16 W 72 F    22      
2003 08 13 0940 1025 S 10 E 24 F            
2003 08 13 1413 1429 S 12 E 19 F    34      
2003 08 13 1436 1446 S 11 E 23 F    25      
2003 08 13 2344 2415 S 14 E 11 F    49      
2003 08 13 2347 2402 S 08 E 12 F    19      
2003 08 14 0213 0236 S 14 E 10 F    35      
2003 08 14 0630 0719 S 14 E 08 F    33      
2003 08 14 0721 0734 S 12 E 14 F            
2003 08 15 0608 0628 S 08 W 04 F    32      
2003 08 15 0616 0624 S 08 W 04 F    27      
2003 08 15 0842 0855 S 10 W 03 F    34      
2003 08 15 1058 1102 S 09 W 07 F            
2003 08 15 1124 1138 S 08 W 08 F    24      
2003 08 15 1126 1131 S 08 W 09 F    24      
2003 08 15 1632 1642 S 08 W 10 F    12      
2003 08 16 0948 0955 S 09 W 18 F            
2003 08 16 1851 1906 S 14 W 26 F    12      
2003 08 17 0842 0900 S 09 W 31 F            
2003 08 17 0844 0856 S 14 W 34 F    55      
2003 08 17 2341 2407 S 14 W 42 F    36      
2003 08 18 0240 0251 S 14 W 44 F    23      
2003 08 18 0253 0257 S 14 W 44 F    18      
2003 08 18 0901 0915 S 13 W 48 F            
2003 08 18 0902 0914 S 11 W 49 F    16      
2003 08 19 0755 0808 S 14 W 61 N            
2003 08 19 0756 0808 S 12 W 63 N   202      
2003 08 19 0848 0853 S 15 W 60 F            
2003 08 19 0948 1047 S 11 W 59 F            
2003 08 19 1821 1837 N 12 E 53 F    56      
2003 08 22 1607 1619 N 11 E 07 F    31      
2003 08 23 0014 0020 N 12 E 40 F    13      
2003 08 23 0016 0026 N 12 E 33 F    40      
2003 08 24 0413 0436 N 08 W 21 F   103      
2003 08 25 0246 0340 S 11 E 41 F   105      
2003 08 25 0855 0912 S 07 W 85 F    30      
2003 08 26 1212 1214 S 14 E 24 F            
2003 08 26 1552 1624 N 08 W 51 N   201      
2003 08 26 1552 1624 N 08 W 48 N            
2003 08 27 0334 0346 N 08 W 56 F    36      
2003 08 27 0500 0512 N 08 W 56 F    43      
2003 08 27 0850 0859 S 10 E 90 F    40      
2003 08 27 0842 0930 N 05 E 17 F            
2003 08 27 0902 0935 N 06 E 17 F   165      
2003 08 27 1436 1454 N 18 E 52 F    10      
2003 08 28 0415 0427 N 03 E 08 F    19      
2003 08 28 0655 0700 S 16 E 75 F            
2003 08 28 0841 0846 S 16 E 74 F            
2003 08 28 1328 1352 N 03 E 04 F            
2003 08 28 1743 1755 N 04 E 02 F    16      
2003 08 29 1009 1015 S 11 W 78 F    40      
2003 08 30 0447 0517 S 12 W 27 F    28      
2003 08 30 0552 0620 S 11 W 29 F            
2003 08 30 1208 1225 N 09 W 26 F            
2003 08 30 1756 1809 N 09 W 30 F    13      
2003 08 31 0604 0647 S 10 W 42 F    32      
2003 08 31 0615 0638 S 10 W 44 F    22      
2003 09 03 0113 0117 S 06 W 58 F    10      
2003 09 03 0639 0642 N 20 W 37 F            
2003 09 04 1532 1535 S 22 W 37 F            
2003 09 07 1403 1433 S 18 W 64 F    64      
2003 09 07 1405 1408 S 19 W 60 F    47      
2003 09 07 1409 1443 S 17 W 58 F            
2003 09 10 2330 2347 S 07 W 18 F    25      
2003 09 12 1524 1528 S 06 W 41 F    12      
2003 09 13 0658 0712 S 07 W 50 F    33      
2003 09 13 0738 0829 S 06 W 52 F    77      
2003 09 14 0124 0143 S 07 W 61 F    62      
2003 09 14 0855 0906 S 11 W 63 F    30      
2003 09 14 2239 2248 S 08 W 73 F    44      
2003 09 15 0058 0117 S 07 W 77 F   107      
2003 09 15 0930 0943 S 15 W 62 F    45      
2003 09 16 0829 0839 S 10 E 19 F            
2003 09 16 1035 1044 S 10 W 90 F    50      
2003 09 16 1055 1110 S 10 E 20 F   110      
2003 09 16 1057 1108 S 09 E 21 F   110      
2003 09 17 0503 0532 S 12 E 09 F    27      
2003 09 17 1437 1447 N 13 W 47 F            
2003 09 18 0544 0600 S 10 W 50 F            
2003 09 18 0743 0747 S 10 W 50 F            
2003 09 18 0908 0913 S 10 W 50 F            
2003 09 18 1239 1253 S 11 W 11 F            
2003 09 19 0930 0940 S 10 W 19 F            
2003 09 20 0905 0914 N 08 E 80 F            
2003 09 20 1108 1120 N 09 W 90 N            
2003 09 22 0918 0926 N 01 E 79 F    20      
2003 09 23 0614 0621 N 08 E 37 F            
2003 09 23 1143 1147 N 01 E 43 F            
2003 09 23 1443 1448 N 01 E 42 F    18      
2003 09 24 0434 0444 N 01 E 23 F    43      
2003 09 24 0532 0534 N 02 E 23 F    10      
2003 09 24 0625 0636 N 01 E 22 F    52      
2003 09 24 0625 0636 N 01 E 23 F    41      
2003 09 24 0715 0725 N 01 E 20 N   188      
2003 09 24 0854 0900 N 01 E 20 F    42      
2003 09 24 0855 0858 N 01 E 21 F    15      
2003 09 24 0933 0942 N 00 E 21 F    51      
2003 09 24 0945 1028 N 03 E 21 F            
2003 09 24 1035 1045 N 03 E 18 N    56      
2003 09 24 1037 1045 N 02 E 18 F    58      
2003 09 24 1106 1112 N 03 E 19 F    25      
2003 09 24 1156 1201 N 01 E 19 F    95      
2003 09 24 1253 1258 N 01 E 18 F    78      
2003 09 24 1527 1534 N 02 E 17 F    62      
2003 09 24 1738 1743 N 01 E 17 F    37      
2003 09 24 2323 2328 N 02 E 11 F    16      
2003 09 25 0701 0706 N 02 E 18 F            
2003 09 25 1006 1014 N 03 E 03 F            
2003 09 26 1206 1224 N 01 W 01 F            
2003 09 26 1452 1500 N 03 W 03 F    15      
2003 09 26 1454 1501 N 05 W 04 F    16      
2003 09 26 1751 1758 N 05 W 06 F    34      
2003 09 27 0825 0826 N 03 W 20 F            
2003 09 27 1141 1151 N 02 W 14 F            
2003 09 27 1142 1150 N 14 W 20 F    40      
2003 09 27 1156 1223 N 04 W 17 F            
2003 09 27 1201 1223 N 16 W 23 F    19      
2003 09 27 1242 1249 N 06 W 10 F            
2003 09 27 1244 1250 N 17 W 16 F    23      
2003 09 28 0810 0822 N 04 W 25 F            
2003 09 28 1107 1117 N 05 W 30 F            
2003 09 28 1553 1620 N 03 W 34 F    30      
2003 09 28 2036 2042 N 05 W 37 F    24      
2003 09 29 1731 1742 N 03 W 37 F    25      
2003 09 29 2007 2021 N 04 W 45 F    19      
2003 09 29 2144 2223 N 03 W 39 F   107      
2003 09 30 0029 0049 N 09 W 40 F    36      
2003 09 30 0512 0525 N 04 W 43 F    50      
2003 09 30 0757 0810 N 02 W 48 F    84      
2003 09 30 0758 0809 N 00 W 46 F            
2003 09 30 0842 0850 S 03 E 80 F    30      
2003 09 30 0844 0908 N 08 W 44 F   160      
2003 09 30 0848 0904 N 08 W 44 F            
2003 09 30 0956 1006 S 03 E 80 F            
2003 09 30 1024 1033 N 03 W 50 F    40      
2003 09 30 2017 2023 S 02 E 75 F    29      
2003 09 30 2320 2349 N 05 W 61 F    27      
2003 09 30 2322 2343 N 04 W 53 F    10      
2003 10 01 0416 0436 N 03 W 56 F    20      
2003 10 01 0416 0437 N 06 W 63 F    49      
2003 10 01 0440 0509 N 05 W 57 F   174      
2003 10 01 0857 0907 S 01 W 57 F    60      
2003 10 01 0907 0927 S 05 E 71 F    50      
2003 10 01 0950 1001 N 02 E 63 F    30      
2003 10 01 1749 1756 N 04 W 63 F    19      
2003 10 01 1945 1958 S 16 E 03 F    15      
2003 10 02 0357 0402 N 08 W 69 F    16      
2003 10 02 0403 0410 N 09 W 69 F    21      
2003 10 02 0426 0431 N 05 W 72 F    51      
2003 10 02 0653 0710 N 04 W 74 F    85      
2003 10 02 0655 0712 N 05 W 79 F   147      
2003 10 02 0952 1015 S 04 E 56 N    45      
2003 10 02 0952 1003 N 02 W 80 F    25      
2003 10 02 1058 1106 N 01 W 90 F            
2003 10 02 1313 1428 S 04 E 42 F            
2003 10 03 0338 0352 S 06 E 32 F    46      
2003 10 03 0756 0803 S 10 E 42 F    36      
2003 10 03 0902 0910 S 02 W 80 F    45      
2003 10 04 1546 1555 S 10 E 29 F    40      
2003 10 05 0034 0039 S 08 E 20 F    18      
2003 10 05 0129 0148 S 07 E 21 F    20      
2003 10 05 0259 0311 S 06 E 05 F    26      
2003 10 07 2349 2429 S 07 W 17 F    56      
2003 10 09 2339 2354 S 06 W 46 F    66      
2003 10 15 2236 2244 S 14 W 48 F    17      
2003 10 16 0254 0301 S 13 W 52 F    18      
2003 10 18 0534 0542 N 05 E 80 F    66      
2003 10 18 0852 0900 N 07 E 77 F            
2003 10 18 1211 1213 N 07 E 76 F            
2003 10 18 1633 1639 N 08 E 74 F    12      
2003 10 18 1651 1701 N 08 E 72 F    48      
2003 10 18 1740 1744 N 07 E 72 F    21      
2003 10 18 1802 1811 N 05 E 69 F    11      
2003 10 18 1842 1918 N 07 E 69 F    18      
2003 10 18 1926 1936 N 03 E 68 F    31      
2003 10 18 2029 2049 N 07 E 68 F    21      
2003 10 18 2127 2132 N 03 E 67 F    22      
2003 10 18 2216 2225 N 03 E 66 F    86      
2003 10 18 2217 2225 N 03 E 66 F    64      
2003 10 19 0022 0026 N 03 E 65 F    26      
2003 10 19 0348 0354 N 03 E 63 F    18      
2003 10 19 0611 0707 N 06 E 62 F   102      
2003 10 19 0635 0700 N 07 E 61 F            
2003 10 19 0807 0810 N 07 E 57 F            
2003 10 19 1332 1334 N 03 E 55 F            
2003 10 19 1417 1424 N 05 E 56 F    14      
2003 10 19 1632 1748 N 08 E 58 N   212      
2003 10 19 1857 1900 N 03 E 55 F    13      
2003 10 19 1924 1931 N 05 E 54 F    68      
2003 10 19 2021 2026 N 07 E 53 F    31      
2003 10 19 2102 2111 N 08 E 55 F    15      
2003 10 19 2247 2326 N 06 E 51 F    38      
2003 10 19 2346 2434 N 03 E 52 F    42      
2003 10 20 0057 0144 N 03 E 51 F    63      
2003 10 20 0711 0851 N 03 E 48 N   144      
2003 10 20 1448 1455 N 07 E 43 F    51      
2003 10 20 1553 1620 N 03 E 45 F    57      
2003 10 20 1649 1727 N 05 E 40 F    31      
2003 10 20 1822 1829 N 07 E 41 F    70      
2003 10 20 1958 2022 N 02 E 41 F    42      
2003 10 20 2030 2053 N 07 E 41 F    17      
2003 10 20 2200 2212 N 03 E 42 F    32      
2003 10 21 0252 0304 N 05 E 35 F    25      
2003 10 21 0334 0411 N 06 E 37 F    30      
2003 10 21 0453 0503 N 06 E 35 F    21      
2003 10 21 0631 0643 N 03 E 35 F    31      
2003 10 21 0824 0841 N 03 E 34 F    62      
2003 10 21 1206 1237 N 05 E 30 F            
2003 10 21 1242 1252 S 10 E 20 F            
2003 10 21 1511 1525 N 02 E 31 F    15      
2003 10 21 1759 1804 N 07 E 28 F    11      
2003 10 21 2023 2029 S 09 E 16 F    12      
2003 10 21 2031 2045 N 07 E 27 F    12      
2003 10 22 0133 0135 N 06 E 24 F    15      
2003 10 22 0158 0212 N 04 E 26 F    59      
2003 10 22 0213 0231 N 05 E 26 F    25      
2003 10 22 0236 0243 N 04 E 28 F    14      
2003 10 22 0333 0338 N 07 E 25 F    23      
2003 10 22 0414 0437 N 04 E 24 F    74      
2003 10 22 0439 0859 N 05 E 20 F    46      
2003 10 22 1424 1439 N 03 E 18 F    13      
2003 10 22 1507 1518 N 05 E 22 N    50      
2003 10 22 1559 1610 N 03 E 17 N    96      
2003 10 22 1701 1716 N 03 E 16 F    28      
2003 10 22 1821 1829 N 07 E 16 F    32      
2003 10 22 2013 2017 N 03 E 14 F    17      
2003 10 22 2020 2043 S 18 E 78 F    81      
2003 10 22 2037 2044 N 03 E 14 F    11      
2003 10 22 2244 2247 N 03 E 13 F    14      
2003 10 22 2358 2402 N 03 E 12 F    13      
2003 10 23 0116 0132 N 03 E 11 F    45      
2003 10 23 0236 0250 N 03 E 15 N    91      
2003 10 23 0630 0633 N 03 E 14 F    16      
2003 10 23 0705 0718 N 04 E 13 N   115      
2003 10 23 0824 0921 S 21 E 88 B   190      
2003 10 23 1422 1437 N 05 E 00 F    12      
2003 10 23 1813 1821 N 01 E 05 F    12      
2003 10 23 1955 2028 S 17 E 84 N   119      
2003 10 23 2307 2314 N 08 E 00 F    36      
2003 10 24 0154 0215 N 01 E 00 F    25      
2003 10 24 0222 0328 S 19 E 72 N   107      
2003 10 24 0508 0519 S 24 E 74 F   161      
2003 10 24 0556 0558 N 04 E 00 F    18      
2003 10 24 0621 0629 S 15 E 66 F    30      
2003 10 24 0635 0642 S 15 E 66 F    11      
2003 10 24 0747 0804 N 01 W 08 F    16      
2003 10 24 0826 0836 N 04 W 02 F    55      
2003 10 24 0839 0843 N 03 W 07 F    29      
2003 10 24 1536 1727 S 17 E 55 F    19      
2003 10 24 1731 1759 S 16 E 53 F    14      
2003 10 24 1759 1818 S 16 E 54 F    13      
2003 10 24 2024 2031 N 04 W 08 F    30      
2003 10 24 2138 2148 N 05 W 09 N   119      
2003 10 25 0155 0159 N 04 W 11 F    18      
2003 10 25 0259 0307 N 03 W 17 F    29      
2003 10 25 0332 0415 N 05 W 13 F    68      
2003 10 25 0552 0622 N 00 W 15 F    62      
2003 10 25 0415 0638 S 13 E 46 N   241      
2003 10 25 0559 0606 S 11 E 48 F    40      
2003 10 25 0607 0623 S 10 E 48 F    16      
2003 10 25 0637 0705 S 13 E 42 F            
2003 10 25 0711 0719 S 18 E 49 F    18      
2003 10 25 0921 0925 N 04 W 15 F            
2003 10 25 0946 0951 S 17 E 55 F            
2003 10 25 1002 1010 N 04 W 15 F            
2003 10 25 1005 1018 S 09 E 46 F            
2003 10 25 1031 1038 S 11 W 26 F            
2003 10 25 1028 1111 N 02 W 20 F    19      
2003 10 25 1039 1044 N 03 W 20 F    19      
2003 10 25 1216 1223 S 08 E 44 F            
2003 10 25 1254 1331 S 12 W 27 F            
2003 10 25 1834 1851 S 11 E 37 F    14      
2003 10 26 0144 0150 S 17 E 49 F    47      
2003 10 26 0600 0850 S 17 E 38 N   661      
2003 10 26 0646 0917 S 14 E 41 B            
2003 10 26 1042 1050 S 17 E 45 F            
2003 10 26 1211 1237 N 04 W 31 F            
2003 10 26 1241 1308 S 13 E 37 N            
2003 10 26 1336 1446 N 04 W 32 N            
2003 10 26 1423 1443 N 05 W 33 F    81      
2003 10 26 1618 1628 S 18 E 29 F    21      
2003 10 26 1721 2016 N 02 W 38 N   162      
2003 10 26 1725 1732 S 09 W 44 F    12      
2003 10 26 2126 2226 N 01 W 38 N   333      
2003 10 27 0135 0144 S 21 E 30 F    24      
2003 10 27 0207 0212 N 08 E 22 F    13      
2003 10 27 0240 0248 N 07 E 21 F    15      
2003 10 27 0248 0252 N 07 E 21 F    13      
2003 10 27 0339 0357 N 01 W 43 F    38      
2003 10 27 0358 0407 N 00 W 43 F    17      
2003 10 27 0409 0416 N 00 W 44 F    24      
2003 10 27 0428 0438 N 01 W 43 F    17      
2003 10 27 0614 0629 S 20 E 29 F    55      
2003 10 27 0746 0932 N 00 W 45 F   322      
2003 10 27 0834 0932 S 01 W 51 F   334      
2003 10 27 0845 0903 N 08 E 16 F    10      
2003 10 27 0847 0850 N 08 E 17 F    10      
2003 10 27 0923 0944 S 16 E 26 F    72      
2003 10 27 1029 1035 N 08 E 15 F    24      
2003 10 27 1251 1304 S 17 E 25 F    66      
2003 10 27 1253 1310 N 07 W 46 F    44      
2003 10 27 1406 1447 N 08 E 12 F    85      
2003 10 27 1408 1447 N 09 E 11 F    85      
2003 10 27 1451 1528 N 09 E 12 F    46      
2003 10 27 1611 1636 N 10 E 13 F    63      
2003 10 27 1702 1710 N 07 E 12 F    14      
2003 10 27 1836 1859 N 04 W 56 F    47      
2003 10 27 1842 1854 S 17 E 11 F    21      
2003 10 27 1949 2029 N 07 W 50 N   270      
2003 10 27 1952 2005 N 09 E 13 F    33      
2003 10 27 2120 2122 N 08 E 09 F    42      
2003 10 27 2149 2237 N 08 E 09 N    87      
2003 10 27 2239 2245 N 09 E 11 F    34      
2003 10 27 2314 2322 N 10 E 10 F    30      
2003 10 27 2348 2353 S 17 E 17 F    45      
2003 10 27 2359 2411 S 19 E 16 F    30      
2003 10 27 2359 2410 N 08 E 08 F    12      
2003 10 28 0012 0016 N 08 E 08 F    12      
2003 10 28 0032 0121 N 08 E 08 F    52      
2003 10 28 0054 0129 N 03 W 55 F   103      
2003 10 28 0122 0134 N 08 E 07 F    19      
2003 10 28 0135 0200 N 08 E 07 F    39      
2003 10 28 0130 0140 S 19 E 15 F    34      
2003 10 28 0219 0223 N 08 E 07 F    38      
2003 10 28 0227 0245 N 09 E 08 F    30      
2003 10 28 0248 0309 N 08 E 07 F    50      
2003 10 28 0309 0316 N 10 E 07 F    33      
2003 10 28 0317 0352 N 08 E 07 F    73      
2003 10 28 0353 0513 N 08 E 06 F   108      
2003 10 28 0509 0552 N 06 W 53 F   180      
2003 10 28 0514 0620 N 08 E 05 F    43      
2003 10 28 0547 0553 S 11 E 00 F    18      
2003 10 28 0553 0638 N 03 W 58 F   134      
2003 10 28 0623 0703 N 10 E 04 F    25      
2003 10 28 0734 0743 S 11 W 01 F    26      
2003 10 28 0738 0749 N 06 W 56 F    39      
2003 10 28 0752 0816 N 07 E 04 F    43      
2003 10 28 0756 0802 S 20 E 08 F    18      
2003 10 28 0819 0838 S 17 E 12 F    29      
2003 10 28 0837 0844 N 08 E 03 F    51      
2003 10 28 0842 0902 N 08 E 04 F    82      
2003 10 28 0904 0920 N 08 E 03 F    16      
2003 10 28 0908 0916 N 08 E 03 F    15      
2003 10 28 0842 0906 S 17 E 09 F    53      
2003 10 28 1001 1420 S 16 E 08 B            
2003 10 28 1032 1420 S 16 E 07 B            
2003 10 28 1132 1211 S 06 E 02 F    21      
2003 10 28 1213 1314 N 09 E 02 F    57      
2003 10 28 1452 1534 S 16 E 01 F    32      
2003 10 28 1601 1617 S 16 W 01 F    15      
2003 10 28 1613 1645 N 06 W 61 F   330      
2003 10 28 1628 1638 N 07 W 02 F    12      
2003 10 28 1945 1950 S 15 E 03 F    17      
2003 10 28 2033 2105 S 15 E 03 F    25      
2003 10 28 2047 2200 N 10 W 03 F    29      
2003 10 28 2137 2151 S 15 E 03 F    13      
2003 10 29 0029 0239 S 18 E 08 F   151      
2003 10 29 0146 0208 N 07 W 07 F    47      
2003 10 29 0319 0331 S 26 E 06 F    36      
2003 10 29 0338 0346 N 08 W 07 F    57      
2003 10 29 0412 0425 N 06 W 09 F    30      
2003 10 29 0427 0431 N 10 W 08 F    29      
2003 10 29 0437 0636 S 17 E 06 N    96      
2003 10 29 0709 0717 N 05 W 04 F            
2003 10 29 1421 1446 S 16 W 03 F    15      
2003 10 29 1652 1811 S 19 W 07 F    83      
2003 10 29 1811 1829 N 08 W 16 F    44      
2003 10 29 2001 2015 S 15 W 02 F    15      
2003 10 29 2008 2055 S 22 W 41 F    44      
2003 10 29 2037 2046 N 12 W 13 F    17      
2003 10 29 2037 2253 S 15 W 02 B   542      
2003 10 30 0153 0254 N 08 W 22 F   145      
2003 10 30 0215 0221 S 20 W 20 F    25      
2003 10 30 0820 0849 S 21 W 53 F   101      
2003 10 30 0826 0851 S 22 W 52 F            
2003 10 30 1210 1225 N 03 W 90 N            
2003 10 31 0148 0156 N 13 E 06 F    19      
2003 10 31 0152 0159 N 08 W 25 F    39      
2003 10 31 0240 0248 N 08 W 33 F    27      
2003 10 31 0354 0401 N 08 W 26 F    17      
2003 10 31 0603 0701 N 08 W 28 F    66      
2003 10 31 0908 0913 N 08 W 30 F    30      
2003 10 31 0917 0935 N 03 W 38 F    40      
2003 10 31 0938 0952 N 06 W 30 F    65      
2003 10 31 1040 1052 N 06 W 30 F            
2003 10 31 1057 1102 N 04 W 43 F            
2003 10 31 1611 1618 N 12 W 40 F    20      
2003 10 31 1647 1724 S 19 W 44 F    37      
2003 10 31 1736 1746 S 20 W 28 F    25      
2003 10 31 1927 1933 S 16 W 27 F    28      
2003 10 31 2035 2047 N 08 W 44 F    16      
2003 10 31 2050 2144 N 08 W 44 F    22      
2003 11 01 0127 0137 N 13 W 47 F    23      
2003 11 01 0419 0425 S 17 W 40 F    54      
2003 11 01 0457 0500 N 09 W 47 F    28      
2003 11 01 0502 0508 S 14 W 33 F    39      
2003 11 01 0518 0546 S 14 W 38 F    36      
2003 11 01 0808 0826 S 13 W 41 F    26      
2003 11 01 1552 1609 S 16 W 45 F    28      
2003 11 01 1648 1737 N 08 W 49 F    25      
2003 11 01 1738 1808 N 09 W 50 F    82      
2003 11 01 1915 1920 N 06 W 55 F    13      
2003 11 01 2228 2312 S 12 W 60 N   203      
2003 11 01 2236 2310 S 13 W 59 F    79      
2003 11 02 0718 0856 S 17 W 55 F    48      
2003 11 02 1539 1642 S 14 W 55 F    37      
2003 11 02 1704 1954 S 14 W 56 B   365      
2003 11 02 1716 1719 N 06 W 62 F    18      
2003 11 02 1735 1741 N 08 W 69 F    15      
2003 11 02 2022 2032 N 08 W 63 F    68      
2003 11 02 2026 2033 S 19 W 53 F    17      
2003 11 02 2034 2039 S 20 W 53 F    13      
2003 11 03 0029 0033 S 20 W 63 F    22      
2003 11 03 0106 0237 N 10 W 83 B   262      
2003 11 03 0450 0500 S 21 W 70 F    44      
2003 11 03 0537 0541 S 21 W 71 F    38      
2003 11 03 0948 1006 N 08 W 77 F   269      
2003 11 03 1021 1109 N 09 W 79 F    46      
2003 11 03 1530 1543 S 15 W 79 F    25      
2003 11 03 1544 1554 S 15 W 79 F    22      
2003 11 04 1932 2049 S 19 W 83 B   857      
2003 11 04 2049 2054 S 18 W 81 F    20      
2003 11 05 0238 0250 S 19 W 89 F    95      
2003 11 05 1051 1058 S 16 W 90 F    42      
2003 11 10 2013 2018 S 10 W 38 F    28      
2003 11 10 2317 2321 N 00 W 51 F    27      
2003 11 11 1335 1426 S 03 W 61 F    82      
2003 11 15 1858 1924 N 02 E 38 F    41      
2003 11 16 1018 1034 N 01 E 44 F    20      
2003 11 16 1538 1546 N 04 E 22 F    23      
2003 11 16 1811 1838 N 01 E 39 F    62      
2003 11 17 0859 1004 S 01 E 33 N   185      
2003 11 17 0901 1047 N 00 E 31 F   160      
2003 11 18 0716 0928 N 00 E 18 N   247      
2003 11 18 0729 0902 N 00 E 19 F   224      
2003 11 18 2148 2151 N 10 E 90 F    13      
2003 11 18 2311 2320 S 02 E 10 F    20      
2003 11 19 0358 0419 N 01 E 06 N   153      
2003 11 19 0819 0902 N 03 E 01 F   195      
2003 11 19 1447 1611 N 03 W 03 F    62      
2003 11 20 0148 0238 N 03 W 08 N   110      
2003 11 20 0448 0452 S 17 E 73 F    17      
2003 11 20 0727 0735 N 03 W 12 F    97      
2003 11 20 0738 0836 N 01 W 08 B   371      
2003 11 20 1437 1457 N 09 E 59 F    26      
2003 11 20 2346 2431 N 02 W 17 B   279      
2003 11 21 0436 0446 N 12 E 46 F    11      
2003 11 21 0521 0548 N 13 E 45 F    45      
2003 11 21 0940 0948 S 23 E 36 F    15      
2003 11 22 0145 0156 N 05 W 31 F    18      
2003 11 22 0526 0528 N 03 W 37 F    14      
2003 11 22 1836 1839 N 07 E 26 F    23      
2003 11 23 0716 0721 S 15 E 26 F    13      
2003 11 23 0856 0908 N 00 W 51 F    16      
2003 11 23 1602 1610 S 21 E 12 F    27      
2003 11 23 2341 2357 S 13 E 12 F    20      
2003 11 24 0046 0051 S 19 E 14 F    26      
2003 11 24 1852 1900 S 08 E 59 F    34      
2003 11 25 0558 0610 S 14 W 05 F    52      
2003 11 26 1617 1625 S 13 W 14 F    38      
2003 11 26 1714 1718 S 19 W 18 F    16      
2003 11 27 0026 0036 S 12 E 26 F    72      
2003 11 27 0636 0651 S 15 W 23 F    39      
2003 11 27 0803 0910 S 14 W 27 F    96      
2003 11 27 0808 0859 S 13 W 30 F   144      
2003 11 27 0834 0843 S 14 W 37 F    10      
2003 11 27 1841 1854 S 14 W 34 F    33      
2003 11 28 0146 0156 S 14 W 36 F    16      
2003 11 29 0330 0338 S 20 E 05 F    21      
2003 11 29 1801 1821 S 23 E 02 F    31      
2003 11 29 2106 2119 S 25 E 00 F   102      
2003 12 02 1921 1929 S 13 W 63 F    16      
2003 12 04 0118 0129 S 18 W 59 F    33      
2003 12 05 0733 0738 S 23 W 75 F    36      
2003 12 14 0919 0923 N 00 E 25 F            
2003 12 17 0307 0333 N 08 E 72 F    35      
2003 12 18 0834 0846 N 10 E 52 F            
2003 12 18 0924 0938 N 08 E 52 F    46      
2003 12 18 0925 0935 N 08 E 53 F    46      
2003 12 18 1200 1207 N 10 E 50 F            
2003 12 18 1230 1242 N 10 E 50 F            
2003 12 18 1347 1354 N 09 E 49 F            
2003 12 18 2018 2022 N 11 E 47 F    14      
2003 12 18 2217 2221 N 10 E 46 F    12      
2003 12 19 0026 0031 N 09 E 47 F    19      
2003 12 19 0105 0119 N 08 E 46 F    41      
2003 12 19 0218 0224 N 09 E 46 F    34      
2003 12 19 0619 0625 N 10 E 47 F    16      
2003 12 19 0659 0706 N 09 E 43 F    19      
2003 12 19 0805 0842 N 09 E 42 F    54      
2003 12 19 0807 0850 N 10 E 44 F    71      
2003 12 19 0813 0818 N 09 E 90 F    22      
2003 12 19 1223 1239 N 09 E 37 N            
2003 12 19 1645 1653 N 10 E 36 F    53      
2003 12 20 0010 0020 N 08 E 32 F    13      
2003 12 20 0156 0205 N 08 E 31 F    35      
2003 12 20 0946 0949 N 07 E 25 F            
2003 12 20 1242 1252 N 08 E 22 F            
2003 12 21 0242 0312 N 09 E 46 F    85      
2003 12 21 0413 0417 S 24 E 89 F    36      
2003 12 21 0620 0626 N 08 E 12 F    21      
2003 12 22 0042 0052 N 08 E 41 F    32      
2003 12 22 0653 0705 N 07 E 28 F    22      
2003 12 22 1943 2013 N 09 E 23 F    64      
2003 12 22 2036 2046 S 18 E 51 F    21      
2003 12 23 0650 0654 N 11 E 23 F    30      
2003 12 23 0731 0746 N 11 W 10 F    30      
2003 12 23 0805 0818 N 09 E 16 F    48      
2003 12 23 0808 0817 N 09 E 16 F    48      
2003 12 23 1015 1103 N 07 W 15 F            
2003 12 24 0803 0818 N 07 E 02 F            
2003 12 24 1001 1014 N 03 W 44 F            
2003 12 24 2316 2329 N 09 E 00 F    18      
2003 12 24 2350 2408 N 09 W 05 F    23      
2003 12 25 0154 0219 S 15 E 03 F    37      
2003 12 25 0216 0223 N 09 W 36 F    16      
2003 12 25 0226 0252 N 09 W 01 F    63      
2003 12 25 0232 0239 N 09 W 36 F    13      
2003 12 25 0256 0318 N 09 W 37 F    79      
2003 12 25 0347 0352 N 09 W 02 F    23      
2003 12 25 0400 0410 N 09 W 38 F    65      
2003 12 25 0522 0544 N 11 W 39 F    34      
2003 12 25 0754 0901 N 09 W 04 F    69      
2003 12 25 1145 1207 N 07 W 13 F            
2003 12 26 1027 1114 N 08 W 22 F   102      
2003 12 26 1619 1630 N 09 W 29 F    30      
2003 12 26 1921 1945 N 09 W 30 N   164      
