2006 01 05 0921 0931 N 14 W 57 F    56      
2006 01 22 1654 1704 S 19 W 12 F    11      
2006 01 22 2125 2128 S 20 W 15 F    17      
2006 01 24 0718 0723 S 19 W 30 F    11      
2006 02 01 0000 0931 N 14 W 57 F    56      
2006 03 20 0437 0440 S 08 W 13 F    17      
2006 03 20 0843 0850 S 07 W 18 F    16      
2006 03 21 0919 1005 S 07 W 30 F            
2006 03 21 0937 1001 S 08 W 32 F    44      
2006 03 21 1631 1642 S 06 W 36 F    32      
2006 03 21 1838 1856 S 06 W 37 F    35      
2006 03 21 2324 2334 S 06 W 39 F    45      
2006 03 21 2324 2335 S 06 W 39 F    43      
2006 03 23 0926 0931 S 06 W 59 F    17      
2006 03 30 1514 1522 S 14 E 39 F    26      
2006 03 30 1525 1533 S 13 E 40 F    10      
2006 03 30 1825 1829 S 12 E 34 F    16      
2006 04 06 2038 2057 S 05 W 62 N   155      
2006 04 11 0437 0441 S 07 E 17 F    41      
2006 04 11 1816 1846 S 08 E 40 N   123      
2006 04 24 0901 0905 S 07 E 68 F    36      
2006 04 24 0906 0921 S 08 E 68 F    34      
2006 04 25 0704 0755 S 17 E 54 F            
2006 04 25 1226 1234 S 09 E 37 F            
2006 04 26 0603 0607 S 10 E 45 F    17      
2006 04 26 1349 1417 S 10 E 38 F    54      
2006 04 26 1436 1524 S 07 E 39 F    92      
2006 04 26 1702 1733 S 11 E 38 F   140      
2006 04 27 1547 1653 S 11 E 21 N   233      
2006 04 28 0822 0839 S 07 E 16 F    11      
2006 04 29 1834 1839 S 05 W 05 F    11      
2006 04 30 0203 0209 N 15 E 71 F    37      
2006 04 30 0917 0939 S 10 E 09 F    42      
2006 05 01 0156 0203 S 11 W 02 F    19      
2006 05 01 1532 1547 S 17 W 29 F    11      
2006 05 01 1552 1603 S 11 W 30 F    14      
2006 05 11 2304 2313 S 06 E 00 F    10      
2006 06 07 1524 1526 S 03 E 57 F    17      
2006 06 15 0058 0104 N 00 W 44 F    15      
2006 07 06 0816 1024 S 10 W 30 N            
2006 07 06 0819 0918 S 11 W 32 F   555      
2006 08 10 1357 1402 S 12 E 69 F    40      
2006 08 10 1531 1541 S 14 E 67 F    38      
2006 08 10 1607 1632 S 14 E 67 F    17      
2006 08 10 1805 1814 S 14 E 66 F    40      
2006 08 10 1852 1910 S 14 E 65 F    21      
2006 08 10 1958 2007 S 12 E 68 F    13      
2006 08 10 2022 2027 S 12 E 68 F    12      
2006 08 11 0800 0817 S 14 E 62 B    70      
2006 08 13 0824 0842 N 16 E 43 F    30      
2006 08 16 1616 1619 S 14 W 13 F    10      
2006 08 16 1617 1619 S 14 W 13 F    10      
2006 08 20 2107 2111 S 13 W 69 F    26      
2006 08 23 0040 0047 S 07 E 58 F    35      
2006 08 25 1057 1110 S 09 E 22 F            
2006 08 25 1139 1145 S 08 E 23 F    35      
2006 08 26 2001 2028 S 11 E 10 F    40      
2006 08 27 1112 1123 S 07 W 15 F    25      
2006 08 27 1209 1215 S 08 W 07 F    80      
2006 09 01 1005 1038 S 08 W 60 F   150      
2006 09 11 2304 2319 S 11 W 03 F    23      
2006 09 14 2252 2255 S 12 W 44 F    11      
2006 09 21 2120 2218 S 08 E 10 F    87      
2006 09 21 2250 2257 S 09 E 09 F    18      
2006 09 22 1349 1427 S 10 E 01 F    15      
2006 09 22 1544 1554 S 09 E 04 F    14      
2006 09 23 0001 0004 S 08 W 08 F    64      
2006 09 24 0455 0501 S 08 W 21 N    64      
2006 09 25 1536 1556 S 13 W 39 F    11      
2006 09 30 1656 1743 S 06 W 55 F    15      
2006 10 05 2049 2105 S 17 W 22 F    53      
2006 10 20 1920 1931 S 06 W 16 F    14      
2006 10 30 2223 2243 S 05 E 59 F    13      
2006 11 05 0747 0753 S 08 W 12 F    26      
2006 11 05 1226 1239 S 07 W 13 F    16      
2006 11 11 1042 1059 S 06 E 29 F            
2006 11 15 1848 1934 S 10 E 29 F    48      
2006 11 17 1627 1637 S 09 W 47 F    24      
2006 11 17 2231 2246 S 08 W 50 F    47      
2006 11 17 2232 2247 S 09 W 51 F    29      
2006 11 18 0816 0831 S 05 W 48 F    32      
2006 11 18 0927 0933 S 06 W 56 F    22      
2006 11 19 2229 2233 S 05 W 74 F    14      
2006 11 27 0426 0437 N 08 E 70 F    15      
2006 11 27 0451 0500 N 08 E 70 F    14      
2006 11 27 0735 0744 N 08 E 68 F    15      
2006 12 01 2243 2251 S 09 W 06 F    14      
2006 12 02 0022 0053 N 09 E 04 F    21      
2006 12 02 0704 0727 S 09 W 10 F    38      
2006 12 02 0706 0728 S 08 W 10 F    30      
2006 12 02 0958 1003 N 06 W 04 F            
2006 12 02 1727 1747 S 11 W 16 F    11      
2006 12 02 2202 2225 S 08 W 18 F    18      
2006 12 02 2216 2228 S 07 W 18 F    17      
2006 12 03 0321 0337 S 08 W 22 F    66      
2006 12 03 0859 0910 S 09 W 24 F    16      
2006 12 04 0757 0801 S 08 W 37 F    14      
2006 12 05 0504 0520 S 07 E 90 F    31      
2006 12 05 0522 0531 S 07 E 90 F    39      
2006 12 05 0801 0812 S 07 E 89 F    65      
2006 12 05 1028 1100 S 07 E 79 N   464      
2006 12 05 1524 1529 S 07 E 77 F    12      
2006 12 05 1538 1543 S 05 E 76 F    16      
2006 12 05 1903 2305 S 05 E 75 F   150      
2006 12 05 2223 2323 S 07 E 75 F    61      
2006 12 05 2340 2347 S 07 E 71 F    15      
2006 12 05 2354 2401 S 07 E 71 F    38      
2006 12 06 0014 0021 S 07 E 68 F    13      
2006 12 06 0138 0333 S 07 E 69 F    94      
2006 12 06 0337 0341 S 07 E 69 F    24      
2006 12 06 0539 0545 S 08 E 70 F    39      
2006 12 06 0715 0720 S 06 E 68 F    30      
2006 12 06 0721 0740 S 07 E 67 F    42      
2006 12 06 0824 0930 S 06 E 63 N            
2006 12 06 0857 0918 S 07 E 66 F    36      
2006 12 06 0919 0927 S 07 E 66 F    13      
2006 12 06 1818 1827 S 07 E 61 F    10      
2006 12 06 1832 2135 S 06 E 63 B   815      
2006 12 06 2312 2316 S 03 E 57 F    18      
2006 12 07 0323 0326 S 07 E 56 F    30      
2006 12 07 0328 0332 S 07 E 56 F    11      
2006 12 07 0335 0347 S 07 E 56 F    40      
2006 12 07 0411 0418 S 07 E 55 F    20      
2006 12 07 0423 0427 S 07 E 55 F    10      
2006 12 07 0428 0612 S 08 E 55 F   150      
2006 12 07 1841 2059 S 07 E 47 N   145      
2006 12 09 2259 2306 S 02 E 18 F    12      
2006 12 10 0518 0532 S 03 E 15 F    15      
2006 12 10 0719 0727 S 06 E 13 F    15      
2006 12 10 0728 0739 S 03 E 14 F    29      
2006 12 11 0104 0110 S 08 E 06 F    27      
2006 12 11 0111 0146 S 07 E 01 F    64      
2006 12 11 0511 0604 S 07 E 03 F   146      
2006 12 11 0615 0618 S 07 E 01 F    18      
2006 12 11 0817 0838 S 07 E 00 B    89      
2006 12 11 0940 0946 S 07 W 01 F    12      
2006 12 12 0200 0307 S 06 W 10 F    25      
2006 12 12 0307 0345 S 07 W 11 F    34      
2006 12 12 0742 0755 S 09 W 10 F    12      
2006 12 12 0846 0855 S 07 W 16 F    13      
2006 12 12 2332 2338 S 06 W 22 F   261      
2006 12 13 0220 0618 S 06 W 24 B            
2006 12 13 0619 0625 S 06 W 26 F    15      
2006 12 13 0626 0634 S 08 W 26 F    12      
2006 12 13 0643 0703 S 06 W 26 F    30      
2006 12 13 0704 0712 S 06 W 26 F   556      
2006 12 13 1011 1050 S 06 W 28 F    11      
2006 12 13 1821 1838 S 07 W 31 F    26      
2006 12 13 2217 2226 S 06 W 35 F    13      
2006 12 14 0056 0102 S 06 W 36 F    57      
2006 12 14 1159 1232 S 07 W 37 F            
2006 12 14 1641 1811 S 06 W 45 F    58      
2006 12 14 1856 1905 S 06 W 44 F    36      
2006 12 14 1935 1939 S 06 W 47 F    15      
2006 12 14 1941 1948 S 06 W 47 F    88      
2006 12 14 1952 2005 S 06 W 47 F    19      
2006 12 14 2206 2411 S 06 W 46 B   420      
2006 12 14 2206 2238 S 06 W 48 B   495      
2006 12 14 2215 2221 S 05 W 31 F    14      
2006 12 15 0259 0306 S 06 W 51 F    14      
2006 12 15 0755 0828 S 09 W 48 F            
2006 12 15 0848 0922 S 08 W 50 F    20      
2006 12 15 0848 0926 S 09 W 49 F    20      
2006 12 15 1320 1324 S 06 W 59 F            
2006 12 16 0711 0737 S 07 W 62 F    24      
2006 12 16 0830 0852 S 07 W 62 F    68      
2006 12 16 0853 0935 S 08 W 67 F    34      
2006 12 25 1933 1940 S 06 E 38 F    13      
2006 12 31 0715 0734 S 01 E 75 F    40      
