2007 01 10 0923 0948 S 04 W 59 F    35      
2007 01 10 0924 0933 S 04 W 59 F    35      
2007 01 10 0938 0944 S 05 W 60 F    14      
2007 01 10 0945 0954 S 05 W 59 F    62      
2007 01 10 0955 1009 S 05 W 59 F    37      
2007 01 10 1009 1016 S 04 W 54 F            
2007 01 12 0130 0140 S 01 W 90 F    94      
2007 01 14 1002 1011 N 02 E 58 F    23      
2007 01 14 1002 1011 N 01 E 56 F            
2007 01 14 2258 2304 N 04 E 53 F    47      
2007 01 14 2313 2317 N 04 E 53 F   120      
2007 01 14 2323 2325 N 04 E 53 F   224      
2007 01 14 2342 2350 N 02 E 49 F   300      
2007 01 14 2352 2359 N 02 E 49 F   226      
2007 01 15 0032 0047 N 02 E 49 F   383      
2007 01 15 0133 0200 N 03 E 50 F   477      
2007 01 15 0218 0332 N 03 E 50 F    77      
2007 01 15 0334 0342 N 02 E 49 F    35      
2007 01 15 0743 0816 N 04 E 48 F    44      
2007 01 15 1141 1225 N 02 E 40 F            
2007 01 16 0229 0301 N 03 E 35 N   138      
2007 01 16 0301 0317 N 04 E 38 F    34      
2007 01 16 0804 0818 N 03 E 32 F    58      
2007 01 16 1609 1619 N 04 E 30 F    33      
2007 01 21 0516 0521 S 04 W 20 F    24      
2007 01 21 1310 1317 S 05 W 24 F    70      
2007 01 24 0221 0224 S 04 W 59 F    10      
2007 01 24 0516 0519 S 06 W 63 F    27      
2007 01 29 1647 1717 S 05 E 40 F    27      
2007 01 29 2238 2331 S 03 E 36 N    26      
2007 01 30 0733 0745 S 05 E 31 F    33      
2007 02 01 0549 0553 S 03 E 06 F    13      
2007 02 19 0008 0014 S 12 E 16 F    22      
2007 03 31 0137 0153 N 06 E 33 F    20      
2007 04 27 0440 0450 S 13 E 60 F    25      
2007 04 30 1537 1546 S 16 E 14 F    10      
2007 05 02 2333 0009 S 14 W 17 B   182      
2007 05 03 0024 0026 S 16 W 16 F    13      
2007 05 05 1247 1255 S 14 W 46 F   154      
2007 05 12 0953 1002 S 09 W 12 F    40      
2007 05 15 1534 1543 N 00 E 50 F    11      
2007 05 16 1725 1819 N 00 E 35 F    53      
2007 05 19 1249 1334 N 01 W 05 F            
2007 05 21 0907 0925 N 03 W 25 F    75      
2007 05 22 2322 2332 N 02 W 47 F    19      
2007 06 01 1457 1503 S 08 E 78 F    11      
2007 06 01 2150 2154 S 09 E 82 F    38      
2007 06 02 0606 0625 S 09 E 77 F    35      
2007 06 02 1030 1046 S 05 E 73 N            
2007 06 03 0158 0222 S 10 E 68 B    86      
2007 06 03 0639 0710 S 06 E 62 N    60      
2007 06 03 0640 0647 S 06 E 63 F    60      
2007 06 03 0926 0931 S 07 E 65 F            
2007 06 04 0358 0359 S 04 E 47 F    19      
2007 06 04 0434 0438 S 07 E 50 F    30      
2007 06 04 0443 0456 S 05 E 50 F   113      
2007 06 04 0459 0503 S 07 E 49 F    39      
2007 06 04 0505 0642 S 07 E 51 B   688      
2007 06 04 0646 0652 S 09 E 52 F    36      
2007 06 04 0653 0731 S 09 E 45 F    81      
2007 06 04 0732 0734 S 07 E 48 F    50      
2007 06 04 0739 0744 S 07 E 48 F   209      
2007 06 04 0745 0800 S 07 E 50 F    55      
2007 06 04 0827 0851 S 06 E 49 F    74      
2007 06 04 0920 0923 S 06 E 47 F   139      
2007 06 05 0401 0409 S 07 E 36 F    74      
2007 06 05 0416 0433 S 07 E 33 F    84      
2007 06 05 0501 0504 S 05 E 27 F    38      
2007 06 05 0506 0518 S 05 E 27 F    31      
2007 06 05 0519 0523 S 09 E 37 F    23      
2007 06 05 0524 0527 S 08 E 32 F    22      
2007 06 05 0902 0923 S 11 E 31 F    79      
2007 06 05 0923 0930 S 10 E 32 F    59      
2007 06 05 1556 1641 S 07 E 30 F   152      
2007 06 06 1719 1809 S 07 E 16 F   252      
2007 06 07 0347 0350 S 07 E 09 F    14      
2007 06 07 1713 1730 S 07 E 02 F    55      
2007 06 08 0457 0515 S 08 W 05 F    66      
2007 06 08 0842 0909 S 08 W 08 F    57      
2007 06 08 0903 0908 S 07 W 07 F    57      
2007 06 08 1422 1456 S 06 W 12 F    32      
2007 06 09 1336 1407 S 10 W 23 F   537      
2007 06 10 1103 1116 S 09 W 36 F            
2007 06 10 1836 1839 S 08 W 44 F    17      
2007 06 10 2351 2405 S 07 W 45 F    16      
2007 06 11 0357 0404 S 09 W 47 F    37      
2007 06 28 0702 0732 S 08 E 73 F    28      
2007 06 28 0803 0808 S 07 E 68 F    17      
2007 06 28 1713 1719 S 09 E 72 F    13      
2007 06 29 0231 0252 S 08 E 66 F    28      
2007 06 29 0450 0501 S 09 E 64 F    23      
2007 06 29 0754 0758 S 09 E 24 F    12      
2007 06 29 0807 0830 S 08 E 62 F    83      
2007 06 29 0807 0837 S 08 E 63 F    83      
2007 06 29 1832 1839 S 09 E 57 F    10      
2007 07 01 0823 0834 S 07 E 36 F            
2007 07 03 0229 0237 S 11 W 19 F    13      
2007 07 08 0402 0443 S 08 E 77 F    57      
2007 07 08 0448 0455 S 08 E 77 F    22      
2007 07 08 0456 0509 S 07 E 79 F    16      
2007 07 08 0511 0603 S 07 E 77 F    26      
2007 07 08 0620 0626 S 06 E 75 F    12      
2007 07 08 1747 1752 S 07 E 71 F    11      
2007 07 08 1753 1807 S 07 E 71 F    44      
2007 07 08 1814 1827 S 08 E 74 F    30      
2007 07 08 1951 1956 S 07 E 70 F    14      
2007 07 08 2330 2342 S 07 E 68 F    14      
2007 07 09 0418 0455 S 07 E 62 N    68      
2007 07 09 0435 0441 S 04 E 74 F    46      
2007 07 09 0456 0629 S 07 E 62 F    70      
2007 07 09 0537 0541 S 04 E 71 F    28      
2007 07 09 1521 1528 N 00 E 63 F    10      
2007 07 09 1619 1625 S 07 E 59 F    24      
2007 07 09 1712 1723 S 02 E 59 F    26      
2007 07 09 1805 1809 S 07 E 58 F    10      
2007 07 09 1907 1921 S 07 E 56 F    24      
2007 07 09 1947 1952 S 07 E 57 F    12      
2007 07 09 2000 2009 S 07 E 57 F    10      
2007 07 09 2035 2044 S 07 E 54 F    15      
2007 07 09 2109 2125 S 07 E 54 F    52      
2007 07 10 0020 0043 S 07 E 54 F   112      
2007 07 10 0054 0237 S 06 E 52 B   188      
2007 07 10 0238 0249 S 07 E 53 F    33      
2007 07 10 0255 0307 S 07 E 53 F    35      
2007 07 10 0315 0323 S 07 E 53 F    80      
2007 07 10 0331 0616 S 07 E 53 N    87      
2007 07 10 0620 0638 S 06 E 50 F    42      
2007 07 10 0626 0629 S 04 E 50 F    14      
2007 07 10 0711 0739 S 04 E 50 F    54      
2007 07 10 0740 0800 S 04 E 49 F    28      
2007 07 10 1004 1010 S 04 E 47 F    12      
2007 07 10 1046 1102 S 06 E 49 F    40      
2007 07 10 1114 1129 S 04 E 47 F    11      
2007 07 10 1238 1304 S 05 E 47 N    82      
2007 07 10 1250 1310 S 06 E 47 N   120      
2007 07 10 1750 1811 S 07 E 45 F    55      
2007 07 10 2218 2229 S 06 E 41 F    24      
2007 07 10 2232 2239 S 06 E 41 F    10      
2007 07 10 2244 2249 S 06 E 41 F    13      
2007 07 10 2351 2419 S 07 E 53 F   124      
2007 07 11 0008 0017 S 07 E 39 F    13      
2007 07 15 0630 0636 N 05 W 45 F    20      
2007 07 16 0052 0131 N 05 W 55 F    38      
2007 07 18 0139 0149 S 02 W 63 F   114      
2007 07 18 0139 0149 N 05 W 78 F   114      
2007 07 18 0318 0331 S 04 W 60 F    23      
2007 07 18 1353 1357 S 03 W 64 F    15      
2007 07 28 0228 0232 S 11 E 35 F    60      
2007 07 28 0252 0300 S 12 E 35 F    82      
2007 07 28 0716 0739 S 15 E 25 F    31      
2007 08 06 0106 0217 S 07 E 44 N    82      
2007 08 06 0304 0331 S 08 E 45 F   141      
2007 08 06 0419 0441 S 08 E 44 F    70      
2007 08 06 0906 0930 S 08 E 41 B   264      
2007 08 06 0910 0923 S 05 E 41 F    20      
2007 08 06 1527 1554 S 08 E 38 F    37      
2007 08 24 0750 0810 S 06 E 41 N    87      
2007 08 24 1149 1200 S 04 E 43 F    12      
2007 08 24 1153 1157 S 03 E 45 F    12      
2007 08 24 2329 2334 S 04 E 36 F    13      
2007 08 31 0536 0539 S 07 W 49 F    35      
2007 11 13 0343 0349 S 07 W 69 F    12      
2007 11 17 0430 0436 N 12 W 12 F    13      
2007 12 01 2311 0205 S 06 E 65 F    32      
2007 12 02 0205 0210 S 06 E 64 F    25      
2007 12 02 0212 0225 S 06 E 65 F    27      
2007 12 02 0226 0231 S 06 E 64 F    15      
2007 12 02 0237 0243 S 06 E 64 F    11      
2007 12 02 0300 0304 S 06 E 64 F    10      
2007 12 02 0320 0325 S 06 E 64 F    17      
2007 12 02 0330 0341 S 06 E 64 F    10      
2007 12 02 0350 0355 S 06 E 64 F    29      
2007 12 02 0403 0411 S 06 E 63 F    10      
2007 12 02 1959 2017 S 07 E 66 F    56      
2007 12 02 2256 2300 S 07 E 65 F    12      
2007 12 04 0018 0022 S 06 E 39 F    11      
2007 12 05 0414 0423 S 04 E 22 F    38      
2007 12 05 2342 2344 S 10 E 76 F    18      
2007 12 05 2342 2347 S 10 E 76 F    18      
2007 12 06 0009 0019 S 11 E 76 F    77      
2007 12 06 0157 0159 S 12 E 80 F    20      
2007 12 06 0313 0320 S 11 E 78 F    16      
2007 12 06 0433 0439 S 12 E 79 F    12      
2007 12 06 0442 0450 S 10 E 76 F    26      
2007 12 06 0735 0740 S 12 E 76 F    19      
2007 12 06 2247 2251 S 10 E 67 F    74      
2007 12 06 2252 2257 S 10 E 67 F   105      
2007 12 06 2300 0234 S 10 E 66 F   431      
2007 12 07 0246      S 11 E 65 F   484      
2007 12 07 0246 0458 S 11 E 66 F   463      
2007 12 07 0436 0501 S 05 W 06 F    70      
2007 12 07 0541 0555 S 10 E 63 F    18      
2007 12 07 0620 0634 S 10 E 63 F    50      
2007 12 07 0605 0611 S 10 E 63 F    31      
2007 12 07 0612 0615 S 10 E 63 F    59      
2007 12 07 0635 0655 S 10 E 63 F    29      
2007 12 07 0706 0710 S 10 E 63 F    13      
2007 12 07 0745 0749 S 10 E 62 F    10      
2007 12 07 0757 0801 S 10 E 62 F    11      
2007 12 07 0841 0848 S 10 E 62 F    14      
2007 12 07 0848 0939 S 11 E 62 F    50      
2007 12 07 0941 1004 S 10 E 61 F    64      
2007 12 07 2220 2230 S 11 E 55 F    16      
2007 12 07 2243 2249 S 11 E 52 F    47      
2007 12 07 2349 2353 S 11 E 52 F    16      
2007 12 07 2356 2402 S 11 E 52 F    25      
2007 12 08 0012 0016 S 11 E 51 F    22      
2007 12 08 0035 0042 S 11 E 51 F    61      
2007 12 08 0044 0100 S 11 E 51 F    74      
2007 12 08 0108 0128 S 11 E 51 F    35      
2007 12 08 0129 0135 S 11 E 51 F    39      
2007 12 08 0136 0210 S 11 E 50 F    45      
2007 12 08 0210 0250 S 11 E 50 F    54      
2007 12 08 0327 0332 N 07 W 55 F    61      
2007 12 08 0333 0336 N 07 W 55 F    59      
2007 12 08 0340 0347 N 07 W 56 F    70      
2007 12 08 0328 0334 S 11 E 50 F    42      
2007 12 08 0340 0347 S 11 E 50 F    41      
2007 12 08 0359 0414 N 07 W 55 F    91      
2007 12 08 0431 0434 N 07 W 56 F    13      
2007 12 08 0615 0618 N 08 W 58 F    10      
2007 12 08 0637 0642 N 07 W 58 F    27      
2007 12 08 0740 0744 N 07 W 58 F    25      
2007 12 08 0802 0823 N 07 W 59 F    16      
2007 12 08 0850 0854 N 07 W 59 F    17      
2007 12 08 0850 0853 S 11 E 49 F    22      
2007 12 09 0145 0158 S 10 E 40 F    15      
2007 12 09 0229 0245 S 11 E 33 F    23      
2007 12 09 0937 0949 S 11 E 34 F    50      
2007 12 09 0954 1008 S 11 E 35 F    34      
2007 12 09 1603 1621 S 10 E 25 F    38      
2007 12 09 1646 1714 S 10 E 25 F    11      
2007 12 09 2017 2034 S 10 E 23 F    31      
2007 12 10 0700 0716 S 09 E 21 F    81      
2007 12 10 0807 0830 S 10 E 22 F            
2007 12 10 0838 0846 S 09 E 21 F    22      
2007 12 11 0248 0256 S 10 E 06 F    43      
2007 12 11 0749 0753 S 08 E 09 F    27      
2007 12 11 0910 0915 S 06 E 08 F    24      
2007 12 11 0926 0942 S 06 E 10 F   124      
2007 12 11 0927 0934 S 06 E 09 F   124      
2007 12 11 0938 0950 S 07 E 09 F            
2007 12 11 2335 2340 S 10 E 01 F   331      
2007 12 11 2345 2403 S 07 E 01 F    21      
2007 12 12 0539 0541 S 10 W 09 F    19      
2007 12 12 1015 1023 S 13 W 09 F    27      
2007 12 12 1806 1812 S 09 W 10 F    11      
2007 12 12 1901 1923 S 12 W 12 F    19      
2007 12 12 2223 2317 S 11 W 15 F    83      
2007 12 12 2229 2235 S 08 W 12 F    17      
2007 12 13 0048 0056 S 09 W 14 F   432      
2007 12 13 0048 0056 S 09 W 14 F    60      
2007 12 13 0102 0111 S 09 W 14 F    63      
2007 12 13 0142 0152 S 09 W 14 F    70      
2007 12 13 0359 0414 S 10 W 16 F    88      
2007 12 13 0437 0449 S 09 W 16 F    30      
2007 12 13 0507 0514 S 08 W 18 F    27      
2007 12 13 0515 0524 S 10 W 23 F    16      
2007 12 13 0533 0547 S 08 W 19 F    23      
2007 12 13 0559 0605 S 10 W 17 F    40      
2007 12 13 0842 0849 S 11 W 18 F    15      
2007 12 13 0931 0933 S 08 W 20 F    14      
2007 12 13 0946 1023 S 08 W 20 F    76      
2007 12 13 0950 1018 S 08 W 20 F    53      
2007 12 13 2157 2300 S 07 W 25 F    64      
2007 12 14 0139 0144 S 10 W 29 F    46      
2007 12 14 0747 0909 S 07 W 32 F    71      
2007 12 14 0812 0909 S 07 W 32 F    71      
2007 12 14 0751 0811 S 07 W 32 F    20      
2007 12 14 1516 1612 S 10 W 42 F    60      
2007 12 17 0712 0730 S 09 W 75 F    25      
2007 12 17 0730 0739 S 10 W 78 F    31      
