2009 07 04 0208 0213 S 27 E 15 F    60      
2009 07 04 0437 0442 S 26 E 11 F    13      
2009 07 04 1509 1516 S 27 E 06 F    33      
2009 07 05 0710 0720 S 26 W 02 F    30      
2009 07 05 0711 0721 S 27 W 02 F    30      
2009 07 06 1703 1725 S 25 W 23 F    49      
2009 07 07 1707 1710 S 25 W 37 F    16      
2009 09 24 2345 0001 S 32 E 28 F    25      
2009 10 26 1842 1943 N 16 W 29 F    44      
2009 10 26 1952 1959 N 16 W 30 F    16      
2009 10 26 2241 2300 N 16 W 30 F    85      
2009 10 26 2332 2339 N 16 W 31 F    48      
2009 10 27 0723 0729 N 15 W 34 F    13      
2009 10 27 1725 1730 N 14 W 40 F    17      
2009 10 27 1905 1909 N 18 W 45 F    15      
2009 10 28 0050 0059 N 19 W 47 F    83      
2009 12 10 1057 1057 N 19 E 64 F            
2009 12 14 1815 1817 N 29 E 11 F    17      
2009 12 16 0115 0143 N 30 W 06 F    57      
2009 12 16 0837 0840 N 31 W 09 F    26      
2009 12 16 2135 2205 N 29 W 17 F    18      
2009 12 17 1512 1516 N 28 W 28 F    18      
2009 12 19 0014 0019 N 30 W 46 F    19      
2009 12 19 0151 0158 N 31 W 45 F    26      
2009 12 21 0916 0934 S 27 W 38 F            
2009 12 22 0454 0507 S 26 W 46 F    54      
2009 12 22 0750 0801 S 27 W 47 F    14      
2009 12 23 0346 0352 N 16 W 55 F    51      
2009 12 23 0355 0358 N 16 W 56 F    14      
2009 12 23 1017 1024 S 27 W 61 F    40      
2009 12 23 1017 1022 S 26 W 60 F            
2009 12 25 2321 2331 S 28 E 55 F    16      
