2010 01 02 0721 0746 S 29 W 37 F    24      
2010 01 02 0803 0811 S 29 W 37 F    10      
2010 01 02 0905 0914 S 29 W 39 F    30      
2010 01 02 0915 0921 S 29 W 38 F    94      
2010 01 02 2241 2259 S 27 W 44 F    36      
2010 01 02 2301 0000 S 32 W 48 F   121      
2010 01 03 0120 0155 S 30 W 52 N   100      
2010 01 03 1601 1611 S 27 W 58 F    18      
2010 01 03 2047 2051 S 27 W 61 F    10      
2010 01 04 0339 0346 S 29 W 65 F    52      
2010 01 10 0009 0011 N 30 E 39 F    15      
2010 01 10 0115 0128 N 30 E 39 F    28      
2010 01 10 0129 0147 N 30 E 39 F    11      
2010 01 10 0152 0319 N 30 E 34 F    16      
2010 01 10 0321 0331 N 30 E 34 F    14      
2010 01 14 0115 0144 N 26 W 18 F    38      
2010 01 14 0338 0354 N 26 W 19 F    23      
2010 01 18 0040 0044 N 28 W 70 F    14      
2010 01 19 0128 0132 N 24 W 88 F    45      
2010 01 19 2314 2324 S 25 E 92 F            
2010 01 19 2326 2330 S 27 E 88 F            
2010 01 19 2333 2348 S 25 E 92 F            
2010 01 20 0702 0715 S 25 E 92 F    54      
2010 01 20 0728 0735 S 24 E 87 F    25      
2010 01 20 0742 0758 S 24 E 88 F    22      
2010 01 20 0817 0824 S 24 E 88 F    18      
2010 01 20 0923 0929 S 24 E 88 F    14      
2010 01 20 1731 1737 S 26 E 83 F    45      
2010 01 20 1753 1810 S 26 E 81 F    70      
2010 01 21 0119 0125 S 24 E 79 F    33      
2010 01 21 0321 0327 S 25 E 75 F    21      
2010 01 30 2306 2311 N 25 E 36 F    12      
2010 01 31 0151 0201 N 25 E 35 F    14      
2010 01 31 0500 0514 N 25 E 33 F    18      
2010 02 06 1534 1600 N 21 E 17 F    19      
2010 02 06 1619 1637 N 22 E 18 F    10      
2010 02 06 1852 1933 N 21 E 17 N    54      
2010 02 06 2229 2236 N 22 E 12 F    12      
2010 02 06 2249 2323 N 22 E 15 F    40      
2010 02 07 0159 0212 N 20 E 09 F    20      
2010 02 07 0222 0303 N 21 E 10 N   157      
2010 02 07 0439 0516 N 20 E 07 F   196      
2010 02 07 0621 0635 N 21 E 08 F    13      
2010 02 07 0647 0651 N 21 E 08 F    22      
2010 02 07 0801 0809 N 21 E 07 F    44      
2010 02 07 1833 1844 N 22 E 04 F    35      
2010 02 07 2113 2155 N 22 E 02 F    45      
2010 02 08 0015 0022 N 22 E 02 F    16      
2010 02 08 0129 0136 N 21 E 01 F    24      
2010 02 08 0236 0245 N 22 W 01 F    14      
2010 02 08 0248 0251 N 22 E 00 F    13      
2010 02 08 0315 0336 N 23 E 00 F    20      
2010 02 08 0338 0345 N 22 E 01 F    16      
2010 02 08 0355 0402 N 25 E 00 F    44      
2010 02 08 0411 0444 N 21 W 01 F    54      
2010 02 08 0516 0556 N 21 W 01 F   112      
2010 02 08 0557 0625 N 21 W 01 F    87      
2010 02 08 0627 0644 N 21 W 02 F    45      
2010 02 08 0700 0708 N 21 W 03 F    31      
2010 02 08 0955 0958 N 21 W 06 F            
2010 02 08 1343 1353 N 21 W 06 F            
2010 02 08 1501 1533 N 22 W 08 F    27      
2010 02 08 1535 1609 N 22 W 08 F    25      
2010 02 08 1655 1709 N 22 W 09 F    21      
2010 02 08 1726 1736 N 23 W 08 F    13      
2010 02 08 1806 1825 N 21 W 09 F    50      
2010 02 08 1831 1850 N 22 W 09 F    18      
2010 02 08 1906 1919 N 22 W 10 F    35      
2010 02 08 2121 2140 N 23 W 12 N    70      
2010 02 08 2155 2205 N 22 W 11 F    18      
2010 02 09 0119 0144 N 22 W 13 F    52      
2010 02 09 0412 0430 N 21 W 17 F    66      
2010 02 09 0816 0820 N 21 W 20 F    10      
2010 02 09 0847 0856 N 22 W 18 F    17      
2010 02 09 1128 1135 N 21 W 20 F            
2010 02 10 0613 0618 N 20 W 28 F    15      
2010 02 10 0710 0715 N 20 W 29 F    24      
2010 02 10 1505 1524 N 22 W 32 F    41      
2010 02 10 1511 1521 N 21 W 32 F    20      
2010 02 11 0150 0155 N 21 W 39 F    20      
2010 02 11 1511 1519 N 23 E 19 F    21      
2010 02 11 1930 1951 N 23 E 17 F    18      
2010 02 12 0722 0737 N 24 E 13 N   121      
2010 02 12 0941 0949 N 22 E 07 F    39      
2010 02 12 1127 1140 N 26 E 11 N   119      
2010 02 12 1759 1841 N 28 W 53 F   269      
2010 02 12 2049 2059 N 22 E 01 F    27      
2010 02 12 2237 2254 N 25 W 56 F    54      
2010 02 12 2355 0031 N 23 W 60 F    27      
2010 02 13 0143 0147 N 25 E 02 F    22      
2010 02 13 2001 2009 N 25 W 13 F    28      
2010 02 13 2328 2336 N 24 W 05 F    11      
2010 02 13 2328 2336 N 25 W 04 F    10      
2010 03 01 2357 0005 N 24 E 37 F    13      
2010 03 04 2134 2138 S 16 W 67 F    12      
2010 03 06 0107 0109 S 22 W 93 F    10      
2010 03 11 2038 2042 N 12 E 47 F    11      
2010 03 12 1815 1847 N 13 E 33 F    38      
2010 03 13 0246 0252 N 13 E 27 F    11      
2010 03 13 0259 0303 N 13 E 27 F    16      
2010 03 13 0305 0308 N 14 E 27 F    10      
2010 03 13 2335 0039 N 13 E 17 F    19      
2010 03 14 0419 0428 N 13 E 15 F    42      
2010 03 14 0523 0529 N 13 E 11 F    12      
2010 03 14 0654 0703 N 14 E 14 F    21      
2010 03 18 2305 2316 N 19 W 57 F    22      
2010 03 19 0833 0837 N 15 W 61 F    14      
2010 03 20 2311 2324 N 17 E 06 F    27      
2010 03 20 2312 2325 N 17 E 06 F    10      
2010 03 21 0122 0127 N 18 E 04 F    11      
2010 03 21 0903 0926 N 18 E 00 F    69      
2010 03 25 1409 1427 N 16 E 49 F    12      
2010 03 27 0756 0810 N 15 E 27 F    47      
2010 03 27 1005 1017 N 14 E 26 F            
2010 03 27 1826 1838 N 14 E 22 F    51      
2010 03 28 0936 0942 N 16 E 12 F    16      
2010 04 03 0002 0005 N 16 W 63 F    24      
2010 04 09 0448 0456 N 24 E 01 F    14      
2010 05 01 0137 0154 N 23 E 73 F    51      
2010 05 01 0618 0625 N 23 E 73 F    12      
2010 05 04 1624 1643 N 41 W 23 F    38      
2010 05 05 1717 1735 N 42 W 37 F    53      
2010 05 07 0558 0600 N 39 W 55 F            
2010 05 07 0559 0603 N 41 W 50 F    18      
2010 05 07 0738 0834 N 40 W 54 F    88      
2010 05 08 0455 0532 N 38 W 65 F   128      
2010 05 11 0842 0850 S 20 W 19 F    15      
2010 05 22 1452 1503 S 15 E 10 F    33      
2010 05 25 0652 0656 S 14 W 27 F    14      
2010 05 25 1550 1557 S 15 W 32 F    36      
2010 05 25 1550 1559 S 15 W 32 F    39      
2010 05 01 0137 0154 N 23 E 73 F    51      
2010 05 01 0618 0625 N 23 E 73 F    12      
2010 05 04 1624 1643 N 41 W 23 F    38      
2010 05 05 1717 1735 N 42 W 37 F    53      
2010 05 07 0558 0602 N 40 W 52 F    21      
2010 05 07 0558 0604 N 41 W 50 F    24      
2010 05 07 0738 0756 N 39 W 54 F    79      
2010 05 07 0740 0756 N 38 W 54 F    70      
2010 05 08 0455 0532 N 38 W 65 F   128      
2010 05 11 0842 0850 S 20 W 19 F    15      
2010 05 22 1452 1503 S 15 E 10 F    33      
2010 05 25 0652 0656 S 14 W 27 F    14      
2010 05 25 1550 1555 S 15 W 31 F            
2010 05 25 1550 1558 S 16 W 32 F    33      
2010 06 02 0852 0900 S 20 W 15 F    20      
2010 06 02 0910 0918 S 20 W 15 F    19      
2010 06 02 0959 1019 S 19 W 15 F    32      
2010 06 02 1020 1027 S 20 W 16 F    38      
2010 06 02 1053 1055 S 20 W 16 F    37      
2010 06 03 0158 0201 S 20 W 21 F    23      
2010 06 07 0629 0637 N 19 W 65 F    26      
2010 06 09 0507 0530 S 23 W 48 F    15      
2010 06 12 0055 0113 N 23 W 43 N    71      
2010 06 12 0859 0940 N 22 W 52 F    65      
2010 06 13 0535 0540 S 25 W 84 F    27      
2010 06 13 0557 0602 N 23 W 63 F    11      
2010 06 13 0610 0615 N 23 W 59 F    30      
2010 06 13 0659 0707 N 23 W 64 F    30      
2010 06 13 0707 0711 S 23 W 69 F    21      
2010 06 13 0731 0739 N 24 W 58 F    27      
2010 06 13 0751 0758 N 24 W 64 F    41      
2010 06 13 0814 0825 N 22 W 66 F    72      
2010 06 13 0914 0922 N 22 W 68 F    76      
2010 06 13 0942 0950 N 23 W 65 F            
2010 06 13 0944 0957 S 23 W 75 F    95      
2010 06 14 0049 0103 N 27 W 70 F    57      
2010 06 16 1027 1031 N 28 E 42 F            
2010 06 17 1029 1037 N 28 E 41 F    17      
2010 06 29 0500 0507 N 15 W 14 F    13      
2010 07 09 1944 2037 N 19 E 72 F    33      
2010 07 12 0519 0535 N 20 E 45 F    15      
2010 07 13 0310 0320 N 18 E 31 F    10      
2010 07 13 0833 0839 N 18 E 27 F    16      
2010 07 13 0834 0840 N 18 E 27 F    16      
2010 07 13 1012 1018 N 19 E 26 F    20      
2010 07 13 1010 1100 N 18 E 26 F    56      
2010 07 13 1010 1056 N 18 E 25 F            
2010 07 20 1341 1350 S 21 E 65 F            
2010 07 20 1341 1354 S 21 E 55 F    40      
2010 07 20 1514 1518 S 21 E 55 F    51      
2010 07 20 1518 1532 S 23 E 65 F    50      
2010 07 20 1542 1602 S 21 E 55 F    41      
2010 07 20 1855 1916 S 22 E 63 F    18      
2010 07 21 0110 0121 S 23 E 58 F    19      
2010 07 21 0133 0154 S 23 E 58 F    42      
2010 07 21 0255 0300 S 23 E 58 F    47      
2010 07 21 0302 0317 S 26 E 55 F   120      
2010 07 21 0317 0320 S 23 E 58 F    19      
2010 07 21 0321 0324 S 23 E 58 F    17      
2010 07 21 0325 0335 S 26 E 55 F    22      
2010 07 21 0339 0359 S 23 E 57 F    18      
2010 07 21 0409 0440 S 23 E 56 F    31      
2010 07 21 0434 0441 N 17 W 81 F    22      
2010 07 21 0441 0453 S 26 E 54 F    36      
2010 07 21 0502 0510 S 26 E 54 F    13      
2010 07 21 0550 0556 S 22 E 57 F    16      
2010 07 21 0656 0705 S 25 E 52 F    39      
2010 07 21 0712 0721 S 25 E 52 F    23      
2010 07 21 0725 0735 S 26 E 52 F    28      
2010 07 21 0746 0756 S 26 E 52 F    32      
2010 07 21 0807 0810 S 25 E 52 F    11      
2010 07 21 0851 0901 S 23 E 30 F            
2010 07 22 0631 0634 S 27 E 42 F    16      
2010 07 22 1210 1233 S 23 E 39 F    40      
2010 07 22 1514 1519 S 25 E 39 F    18      
2010 07 23 0023 0031 S 27 E 33 F    12      
2010 07 23 0852 0913 S 23 E 31 F    16      
2010 07 23 1521 1527 S 26 E 24 F    36      
2010 07 24 0604 0616 S 24 E 18 F    10      
2010 07 27 0120 0126 S 23 W 23 F    14      
2010 07 27 0353 0448 S 23 W 23 F    31      
2010 07 28 1304 1315 S 24 W 42 F    30      
2010 07 30 0227 0244 N 17 E 64 F    18      
2010 07 30 0751 0802 N 16 E 58 F    20      
2010 07 31 0519 0532 N 10 E 41 F    12      
2010 08 01 0755 0940 N 19 E 34 F    65      
2010 08 01 0756 0946 N 20 E 36 F    69      
2010 08 07 1758 1955 N 11 E 34 F   284      
2010 08 11 1343 1402 N 14 E 33 F    15      
2010 08 13 2339 2350 N 17 W 45 F    11      
2010 08 14 0027 0040 N 18 W 46 F    12      
2010 08 14 0057 0105 N 17 W 46 F    11      
2010 08 14 0939 1040 N 12 W 54 F    60      
2010 08 14 0940 1050 N 12 W 54 F            
2010 08 14 0941 1110 N 17 W 52 F    76      
2010 08 14 1807 1813 N 19 W 54 F    11      
2010 08 15 0711 0718 N 17 W 63 F    14      
2010 08 15 0820 0828 N 16 W 63 F    10      
2010 08 15 1828 1839 N 15 W 71 F    30      
2010 08 16 1518 1528 N 17 W 80 F    41      
2010 08 26 0534 0547 S 21 W 68 F    19      
2010 09 04 1726 1731 N 18 W 34 F    17      
2010 09 04 1912 1915 N 18 W 36 F    12      
2010 09 04 2208 2217 N 18 W 38 F    12      
2010 09 04 2217 2219 N 18 W 38 F    11      
2010 09 05 0123 0128 N 19 W 40 F    11      
2010 09 05 0210 0225 N 18 W 38 F    29      
2010 09 05 0710 0722 N 17 W 43 F    13      
2010 09 06 1458 1516 N 19 W 59 F    36      
2010 09 07 0617 0623 N 20 W 66 F    12      
2010 09 07 0855 0902 N 18 W 12 F    19      
2010 09 07 0856 0901 N 18 W 11 F    17      
2010 09 15 0723 0730 N 33 E 38 F    16      
2010 09 15 0723 0728 N 30 E 35 F    13      
2010 09 17 0120 0127 S 31 E 70 F    93      
2010 09 21 0853 0857 N 20 E 74 F    40      
2010 09 23 0459 0505 N 19 E 66 F    20      
2010 09 23 0610 0613 N 19 E 65 F    10      
2010 09 26 0617 0622 N 21 E 23 F    15      
2010 09 26 0924 0934 N 20 E 22 F    12      
2010 09 26 0924 0933 N 21 E 22 F    14      
2010 09 26 1415 1428 N 21 E 03 F    26      
2010 09 27 0018 0027 N 21 W 02 F    10      
2010 09 27 2155 2204 N 19 E 03 F    10      
2010 09 28 0940 0954 N 19 W 22 F            
2010 09 28 2112 2119 N 19 W 30 F    12      
2010 09 28 2209 2218 N 19 W 31 F    22      
2010 09 29 0124 0131 N 20 W 30 F    28      
2010 09 29 0833 0836 N 21 W 11 F    23      
2010 09 29 1000 1020 N 20 W 28 F            
2010 09 30 0502 0508 N 20 W 25 F    17      
2010 09 30 1004 1028 N 19 W 29 F    15      
2010 10 01 0757 0804 N 20 W 41 F    10      
2010 10 01 0957 1018 N 18 W 61 F    18      
2010 10 01 1004 1007 N 17 W 61 F            
2010 10 04 1634 1638 N 21 W 77 F   107      
2010 10 10 0647 0650 S 20 E 61 F            
2010 10 10 0842 0846 S 21 E 59 F    19      
2010 10 10 0941 0951 S 20 E 58 F    32      
2010 10 10 0941 0947 S 22 E 58 F    32      
2010 10 14 1422 1433 S 18 E 06 F    10      
2010 10 14 1422 1433 S 18 E 06 F    10      
2010 10 16 1910 1930 S 20 W 26 N   103      
2010 10 17 0906 0928 S 19 W 31 F    28      
2010 10 17 1033 1120 S 20 W 31 F    31      
2010 10 17 1737 1753 S 21 W 42 F    22      
2010 10 19 0350 0355 N 17 E 57 F    16      
2010 10 19 0648 0703 S 20 W 57 F    26      
2010 10 20 0100 0113 S 19 W 66 F    10      
2010 10 20 1150 1156 S 18 W 70 F    12      
2010 10 23 1733 1749 S 30 W 32 F    20      
2010 10 24 1400 1408 N 22 E 18 F    14      
2010 10 25 0600 0611 N 19 E 12 F    16      
2010 10 25 0809 0904 N 19 E 09 F    32      
2010 10 25 0911 0920 N 19 E 08 F    12      
2010 10 25 0924 1021 N 19 E 07 F    28      
2010 10 26 0040 0046 N 19 W 02 F    12      
2010 10 26 0131 0135 N 20 W 02 F    10      
2010 10 26 0533 0538 N 23 W 37 F    13      
2010 10 26 0729 0735 N 19 W 05 F    14      
2010 10 26 0813 0819 N 23 W 38 F    12      
2010 10 27 0606 0614 N 20 W 18 F    14      
2010 10 27 1703 1708 N 18 W 25 F    18      
2010 10 30 0631 0639 N 35 E 76 F    20      
2010 10 30 0714 0720 N 35 E 72 F    16      
2010 10 30 0715 0719 N 35 E 70 F    14      
2010 10 31 0317 0328 N 24 W 67 F    37      
2010 11 05 2012 2016 S 19 E 65 F    12      
2010 11 05 2328 2336 S 19 E 62 F    20      
2010 11 05 2356 0009 S 20 E 76 F    47      
2010 11 06 0825 0846 S 17 E 61 F            
2010 11 06 1342 1355 S 20 E 60 F            
2010 11 06 1532 1711 S 19 E 58 N   247      
2010 11 06 1712 1727 S 19 E 49 F    18      
2010 11 07 0137 0152 S 22 E 53 F   100      
2010 11 10 1225 1245 S 22 E 24 F    16      
2010 11 10 1226 1252 S 22 E 24 F    16      
2010 11 10 1415 1424 S 21 E 22 F    20      
2010 11 10 1638 1645 S 22 E 20 F    16      
2010 11 10 1747 1751 S 20 E 17 F    20      
2010 11 10 2251 2254 S 20 E 14 F    16      
2010 11 11 0213 0223 S 24 E 16 F    16      
2010 11 11 0721 0734 S 25 E 13 F    18      
2010 11 11 0721 0734 S 27 E 14 F    18      
2010 11 11 1610 1651 S 26 E 08 F    67      
2010 11 11 1859 1908 N 14 E 28 F    10      
2010 11 11 1927 1937 S 26 E 06 F    25      
2010 11 11 1943 1953 N 14 E 27 F    21      
2010 11 11 2051 2101 N 14 E 27 F    14      
2010 11 12 0133 0142 S 24 E 03 F    39      
2010 11 12 0802 0824 S 22 W 00 F            
2010 11 12 1342 1408 S 22 W 02 F    38      
2010 11 12 1342 1407 S 22 W 02 F            
2010 11 13 1132 1152 S 23 W 16 F    48      
2010 11 13 1710 1719 N 18 E 13 F    11      
2010 11 13 1750 1754 N 18 E 12 F    12      
2010 11 13 2355 0002 S 23 W 26 F    29      
2010 11 14 0809 0813 N 12 W 08 F    54      
2010 11 15 0306 0340 N 12 W 19 F    18      
2010 11 15 0306 0330 N 12 W 19 F    20      
2010 11 15 0608 0611 N 14 W 21 F    54      
2010 11 15 0626 0629 S 34 E 42 F    13      
2010 11 15 0730 0813 N 12 W 22 F    50      
2010 11 15 0730 0813 N 12 W 21 F            
2010 11 15 0918 0925 S 31 E 40 F            
2010 11 15 0919 0927 S 48 E 28 F    26      
2010 11 15 0935 0940 N 12 W 23 F    10      
2010 11 17 0020 0025 N 14 W 45 F    10      
2010 11 24 2358 0002 S 33 E 77 F    18      
