1987 01 01 1137 1157 N 07 E 19 F    41      
1987 01 01 1303 1306 N 07 E 17 F            
1987 01 01 1455 1513 N 08 E 16 B    93      
1987 01 01 1624 1700 N 05 E 16 F    56      
1987 01 01 1709 1716 N 05 E 14 F    54      
1987 01 01 1756 1811 N 07 E 14 F    39      
1987 01 01 1757 1824 N 07 E 14 F    46      
1987 01 01 1825 1909 N 06 E 14 N    71      
1987 01 01 1857 1907 N 07 E 14 N    73      
1987 01 01 1953 2001 N 07 E 13 F    48      
1987 01 01 2021 2035 N 07 E 13 F    22      
1987 01 01 2120 2132 N 07 E 13 F    27      
1987 01 17 0955 1005 S 26 E 45 F            
1987 01 17 1324 1355 S 27 E 55 F    10      
1987 01 18 1741 1757 S 26 E 27 F    26      
1987 01 18 1854 1902 S 28 E 26 F    23      
1987 01 21 1126 1143 S 26 W 13 B    21      
1987 01 21 1247 1308 S 25 E 06 F    60      
1987 01 21 1330 1348 S 27 W 03 N    32      
1987 01 21 1332 1347 S 28 W 04 F            
1987 01 21 1357 1406 S 26 W 02 F    21      
1987 01 21 1700 1709 S 26 W 03 F    27      
1987 01 21 1958 2001 S 26 W 03 N    38      
1987 01 21 2237 2242 S 26 W 05 F    30      
1987 01 22 0803 0828 S 26 W 10 N   134      
1987 01 22 0803 0825 S 25 W 12 N            
1987 01 22 1044 1139 S 26 W 11 N    40      
1987 01 22 1126 1143 S 26 W 13 B    21      
1987 01 22 1414 1500 S 27 W 11 F    20      
1987 01 22 1649 1718 S 25 W 16 B   187 C  25
1987 01 22 2024 2027 S 26 W 17 F    28      
1987 01 22 2240 2257 S 25 W 19 F    50      
1987 01 23 0843 0904 S 27 W 21 N   112      
1987 01 23 0844 0912 S 30 W 18 B   110      
1987 01 23 1201 1213 S 30 W 20 F    20      
1987 01 23 1326 1351 S 30 W 20 F    20      
1987 01 23 1507 1520 S 30 W 21 F    20      
1987 01 23 2344 2351 S 26 W 33 N    61 C  14
1987 01 25 1418 1446 S 25 W 65 F    51      
1987 01 25 2119 2127 S 24 W 56 F    21      
1987 01 26 1412 1440 S 28 W 62 F    53      
1987 01 26 1425 1445 S 26 W 65 F    66      
1987 01 26 1501 1537 S 24 W 68 N    38 C  14
1987 01 26 1502 1535 S 30 W 61 F    40      
1987 02 16 1330 1340 N 22 W 14 F    20      
1987 02 28 0659 0730 N 39 E 41 B    80      
1987 02 28 0708 0716 N 40 E 42 N   200      
1987 02 28 1039 1109 N 40 E 40 F   120      
1987 02 28 1129 1141 S 32 E 02 F    20      
1987 02 28 1505 1530 N 40 E 38 B    60      
1987 02 28 1630 1700 N 38 E 34 N    80 C  20
1987 02 28 2159 2232 N 37 E 32 F    36      
1987 02 28 2216 2230 N 37 E 32 F    25      
1987 03 01 0440 0456 N 40 E 26 F    28      
1987 03 01 1118 1150 N 40 E 22 F   263      
1987 03 02 0928 0934 N 39 E 12 F    28      
1987 03 02 1018 1027 N 38 E 13 N   126      
1987 03 02 1019 1028 N 38 E 15 F            
1987 03 02 1043 1107 N 36 E 13 N    41      
1987 03 02 1746 1749 S 10 E 72 F    26      
1987 03 04 1106 1126 S 20 W 54 N    20      
1987 03 04 1552 1607 S 20 W 56 F    10      
1987 03 05 0829 0845 N 07 W 07 F    30      
1987 03 05 0919 0938 N 07 W 08 F    40      
1987 03 05 1649 1714 N 04 W 06 F    19      
1987 03 05 2315 2325 N 05 W 10 F    30      
1987 03 06 1112 1144 N 04 W 16 N   241      
1987 03 07 0827 0855 N 05 W 33 N    87      
1987 03 07 0830 0837 N 05 W 32 N    27      
1987 03 07 1513 1524 N 06 W 35 F    15      
1987 03 08 1647 1830 N 06 W 49 N    89      
1987 03 08 1647 1833 N 06 W 49 N    88      
1987 03 08 1834 2034 N 06 W 51 N    79 C  19
1987 03 08 1909 2005 N 06 W 52 F    28      
1987 03 08 2102 2111 N 06 W 53 F    46      
1987 03 08 2359 2411 N 06 W 54 F    17      
1987 03 09 0637 0646 N 06 W 56 F    16      
1987 03 13 1639 1658 S 36 E 90 B    91      
1987 03 13 1639 1658 S 36 E 90 N    93      
1987 03 13 2031 2048 S 36 E 90 N    99      
1987 03 13 2125 2150 S 35 E 90 B   166 C  55
1987 03 13 2126 2152 S 35 E 90 B   236 C  55
1987 03 14 1028 1122 S 39 E 88 F            
1987 03 14 1249 1251 S 35 E 90 F    18      
1987 03 14 1637 1643 S 35 E 90 F    46      
1987 03 14 2047 2059 S 38 E 88 F    22      
1987 03 14 2055 2105 S 36 E 86 F    22      
1987 03 15 0039 0106 S 36 E 85 F   134      
1987 03 15 0046 0049 S 36 E 82 F    20      
1987 03 17 1106 1111 S 30 E 47 F    20      
1987 03 17 1143 1212 S 30 E 47 N    20      
1987 03 18 1255 1335 S 25 E 90 F    30      
1987 03 19 0828 0842 S 37 E 29 F    20      
1987 03 19 1046 1140 S 12 E 35 F    72      
1987 03 19 1311 1313 S 33 E 21 F    10      
1987 03 19 1737 1739 S 34 E 18 F    23      
1987 03 20 1037 1155 S 36 E 14 B    12      
1987 03 20 1043 1050 S 37 E 14 B   337      
1987 03 20 1120 1135 S 37 E 13 F   450      
1987 03 20 1540 1650 N 24 E 07 N    30      
1987 03 21 0150 0238 N 28 W 02 F   269      
1987 03 21 1154 1248 N 23 W 10 F    48      
1987 03 21 2210 2220 N 24 W 14 F    11      
1987 03 21 2308 2325 N 24 W 14 F    15      
1987 03 21 2337 2346 N 24 W 16 F    24      
1987 03 21 2339 2345 N 23 W 16 F    22      
1987 03 22 0015 0021 N 24 W 15 F    19      
1987 03 22 0050 0116 N 24 W 16 N    30      
1987 03 22 0052 0130 N 23 W 17 N    39      
1987 03 22 0205 0256 N 25 W 17 N    63      
1987 03 23 1807 1839 S 33 W 31 F    17      
1987 03 25 1439 1443 N 24 W 62 F    17      
1987 03 25 2253 2336 N 24 W 67 F   108      
1987 03 27 1714 1730 N 07 E 56 F    46      
1987 03 31 0941 1005 N 11 E 06 F    10      
1987 03 31 1312 1325 N 11 E 04 F    20      
1987 04 01 0257 0315 N 02 W 05 N    96      
1987 04 01 0327 0340 N 02 W 05 N    32      
1987 04 02 0115 0124 N 02 W 17 F    21      
1987 04 03 1437 1456 S 22 E 77 F    37      
1987 04 03 1437 1457 S 22 E 76 F    38      
1987 04 03 1516 1619 S 22 E 76 F    29      
1987 04 04 0141 0149 N 10 W 43 N    16      
1987 04 04 1922 1929 S 22 E 60 F    20      
1987 04 05 0006 0025 S 22 E 59 F    38 C  10
1987 04 05 0006 0025 S 22 E 59 F    43 C  10
1987 04 05 0522 0547 S 22 E 56 F    17      
1987 04 05 0536 0543 S 22 E 56 F    15      
1987 04 05 0636 0653 S 22 E 55 F    25      
1987 04 05 1227 1238 S 24 E 54 N    18      
1987 04 05 1227 1242 S 25 E 54 N            
1987 04 05 1342 1353 S 23 E 54 N            
1987 04 05 1934 1948 S 29 E 90 N    39 M  11
1987 04 05 2015 2021 S 23 E 48 F    28      
1987 04 05 2051 2125 S 23 E 50 F    21      
1987 04 06 0407 0503 S 27 E 85 N   175      
1987 04 06 0712 0724 S 23 E 42 F    24      
1987 04 06 0729 0752 S 24 E 42 F    33      
1987 04 06 0740 0750 S 24 E 42 F            
1987 04 06 0923 0931 S 23 E 41 F    27      
1987 04 06 0942 1000 S 23 E 41 F            
1987 04 06 1121 1139 S 30 E 76 F    19 C  12
1987 04 06 1121 1151 S 23 E 39 F    78      
1987 04 06 1204 1217 S 28 E 83 F    10      
1987 04 06 1317 1323 S 33 E 77 F    27      
1987 04 06 1349 1358 S 32 E 80 F    30      
1987 04 06 1350 1357 S 33 E 79 F    28      
1987 04 06 1441 1502 S 31 E 82 F    38      
1987 04 06 1631 1648 S 23 E 37 F    18      
1987 04 06 1633 1648 S 23 E 37 F    16      
1987 04 06 1732 1741 S 23 E 36 F    16      
1987 04 06 1954 2024 S 22 E 38 F    88      
1987 04 06 2247 2353 S 31 E 82 N    96 C  11
1987 04 07 0247 0304 S 31 E 72 N    80      
1987 04 07 0642 0650 N 03 W 90 F    56      
1987 04 07 0802 0830 S 35 E 70 F    19      
1987 04 07 0843 0850 S 33 E 69 F    22      
1987 04 07 0941 0958 S 28 E 70 N    56      
1987 04 07 0945 1005 S 28 E 71 N    56      
1987 04 07 1033 1041 S 35 E 67 N            
1987 04 07 1229 1236 S 33 E 65 F            
1987 04 07 1341 1344 S 36 E 71 F            
1987 04 07 1645 1657 S 31 E 68 F    39      
1987 04 07 1717 1733 S 23 E 23 N    28      
1987 04 07 1724 1728 S 23 E 23 F    27      
1987 04 07 1740 1749 S 33 E 66 F    74      
1987 04 07 1740 1823 S 24 E 22 F    40      
1987 04 07 1823 1932 S 34 E 66 N   112 C  13
1987 04 07 1831 1844 S 34 E 65 F    41 C  13
1987 04 07 2039 2055 S 29 E 65 B   113 C  20
1987 04 07 2254 2311 S 07 E 79 F    54      
1987 04 08 0730 0750 S 31 E 60 F    59      
1987 04 08 0820 0830 S 25 W 10 F            
1987 04 08 0839 0845 S 06 E 75 F   169      
1987 04 08 0927 0933 S 32 E 63 F            
1987 04 08 1144 1156 S 27 E 11 N   128      
1987 04 08 1145 1152 S 23 E 13 N    99      
1987 04 08 1214 1244 S 23 E 16 N    82      
1987 04 08 1716 1748 S 08 E 73 F    19      
1987 04 08 1832 1904 S 33 E 58 F    21      
1987 04 08 2113 2146 S 23 E 10 B    59 C  12
1987 04 08 2215 2226 S 33 E 53 F    27      
1987 04 08 2341 2405 S 31 E 52 N    55      
1987 04 09 0143 0153 S 05 E 68 N    59      
1987 04 09 0145 0152 S 04 E 72 N    48      
1987 04 09 0232 0253 S 08 E 66 F    37 C  10
1987 04 09 0423 0437 S 32 E 47 F    20      
1987 04 09 0452 0502 S 28 E 47 F    28      
1987 04 09 0611 0658 S 07 E 64 N    89 C  26
1987 04 09 0614 0635 S 08 E 64 F    26      
1987 04 09 0837 0857 S 06 E 59 F    67 C  26
1987 04 09 1229 1251 S 34 E 44 F    17      
1987 04 09 1500 1606 S 30 E 43 F    41      
1987 04 09 1517 1610 S 30 E 43 F    45      
1987 04 09 1622 1709 S 32 E 42 N    58      
1987 04 09 1623 1705 S 32 E 44 N    75      
1987 04 09 1732 1738 S 33 E 43 B    73      
1987 04 09 1820 1837 S 26 E 02 F    47      
1987 04 09 1855 1905 S 34 E 42 F    26      
1987 04 09 1855 1905 S 38 E 42 F    31      
1987 04 09 2003 2037 S 07 E 56 F    15      
1987 04 10 0450 0454 S 05 E 49 F    23      
1987 04 10 0843 0857 S 25 W 15 F    30      
1987 04 10 0916 0932 S 33 E 31 N    51      
1987 04 10 0916 0934 S 33 E 30 N    60      
1987 04 10 1031 1134 S 32 E 34 N    77 C  13
1987 04 10 1124 1136 S 33 E 37 F    24      
1987 04 10 1124 1226 S 23 W 08 B   115 C  12
1987 04 10 1129 1134 S 30 W 09 F   112      
1987 04 10 1306 1341 S 33 E 30 N    43      
1987 04 10 1328 1336 S 33 E 28 F    38      
1987 04 10 1452 1518 S 32 E 32 F    37      
1987 04 10 1625 1708 S 32 E 31 B    78      
1987 04 10 1647 1654 S 06 E 48 F    18      
1987 04 10 1647 1723 S 24 W 13 F    18      
1987 04 10 1715 1732 S 32 E 31 N    45      
1987 04 10 1733 1747 S 32 E 31 F    27      
1987 04 10 1819 1840 S 22 W 20 N   186 C  55
1987 04 10 1820 1855 S 23 W 13 B   295 C  55
1987 04 10 2152 2225 S 24 W 16 N    29 C  11
1987 04 10 2211 2215 S 31 E 29 F    31      
1987 04 11 0245 0257 S 06 E 36 F    23      
1987 04 11 0415 0424 S 24 W 20 N    24      
1987 04 11 0416 0424 S 25 W 20 N    28      
1987 04 11 0445 0512 S 34 E 28 N    48      
1987 04 11 0509 0520 S 24 W 20 B   177      
1987 04 11 0512 0521 S 23 W 23 N   110 C  21
1987 04 11 1239 1255 S 32 E 25 N    26      
1987 04 11 1422 1441 S 07 E 32 F    11      
1987 04 11 1438 1453 S 06 E 30 F    33      
1987 04 11 1545 1553 S 37 E 19 F    11      
1987 04 11 1607 1617 S 37 E 19 F    21      
1987 04 11 1628 1642 N 22 E 62 F    12      
1987 04 11 1644 1700 S 37 E 18 F    19      
1987 04 11 2320 2341 S 06 E 25 F    67      
1987 04 12 0134 0149 S 05 E 25 N    80      
1987 04 12 0437 0522 S 05 E 20 B   115      
1987 04 12 0550 0606 S 24 W 35 B   239      
1987 04 12 0558 0628 S 04 E 24 N   124      
1987 04 12 0736 0741 S 06 E 18 F            
1987 04 12 0818 0824 S 07 E 21 F            
1987 04 12 0957 1004 S 33 E 11 N            
1987 04 12 1017 1045 S 33 E 12 N            
1987 04 12 1018 1029 S 33 E 12 F            
1987 04 12 1249 1305 S 07 E 14 F            
1987 04 12 2354 2357 S 34 W 04 F    38      
1987 04 13 0208 0217 S 34 W 05 F    30      
1987 04 13 0226 0248 S 24 W 48 F    21      
1987 04 13 0828 0832 S 34 W 03 F    20      
1987 04 13 1023 1045 S 06 E 02 B   100      
1987 04 13 1359 1405 S 23 W 50 F    30      
1987 04 13 1604 1610 S 34 W 09 F    10      
1987 04 14 0642 0710 S 33 W 12 F    47      
1987 04 14 0642 0647 S 34 W 12 F    22      
1987 04 14 0955 1005 S 34 W 15 F            
1987 04 15 0014 0035 S 33 W 21 N    26      
1987 04 15 0020 0026 S 33 W 21 F    21      
1987 04 15 0231 0238 S 32 W 26 B   241      
1987 04 15 0231 0245 S 33 W 25 F   224      
1987 04 15 0236 0244 S 33 W 25 N    64 C  18
1987 04 15 0542 0551 S 33 W 26 F    28      
1987 04 15 0732 0759 S 32 W 30 B   147 C  66
1987 04 15 0734 0745 S 35 W 30 N   174      
1987 04 15 0748 0814 S 31 W 36 N    30      
1987 04 15 0902 0921 S 08 W 28 F    10      
1987 04 15 0940 0953 S 17 W 08 F    10      
1987 04 15 1039 1103 S 17 W 08 F    20      
1987 04 15 1134 1330 S 33 W 33 B   130      
1987 04 15 1136 1318 S 32 W 35 N   227 C  35
1987 04 15 1255 1332 S 34 W 39 N   139      
1987 04 15 1522 1531 S 31 W 39 F    34      
1987 04 15 1523 1530 S 31 W 38 F    26      
1987 04 15 1751 1826 S 33 W 34 N    51      
1987 04 15 1807 1820 S 33 W 33 F    17      
1987 04 15 1834 1849 S 31 W 39 F    29      
1987 04 15 1957 2025 S 32 W 40 N    98 C  11
1987 04 15 2032 2129 S 32 W 41 B   232 C  17
1987 04 15 2314 2322 S 32 W 35 F    23      
1987 04 15 2314 2320 N 25 E 21 F    10      
1987 04 16 0218 0228 S 34 W 40 F   179      
1987 04 16 0237 0300 S 34 W 46 F    81      
1987 04 16 0654 0729 S 33 W 47 N    60      
1987 04 16 1000 1020 S 31 W 50 N    37      
1987 04 16 1005 1018 S 33 W 39 N    20      
1987 04 16 1035 1054 S 32 W 41 B    50      
1987 04 16 1040 1050 S 32 W 39 B    40      
1987 04 16 1156 1225 S 33 W 43 F    86      
1987 04 16 1313 1330 S 32 W 40 B    40      
1987 04 16 1315 1328 S 31 W 43 N    57 C  10
1987 04 16 1419 1535 N 25 E 09 F    30      
1987 04 16 1431 1540 N 26 E 12 N    66      
1987 04 16 1445 1527 S 32 W 45 N    64 C  30
1987 04 16 1445 1522 S 32 W 47 F    23      
1987 04 16 1511 1529 S 32 W 44 N    93 C  30
1987 04 16 1512 1525 S 32 W 44 F    63 C  30
1987 04 16 1545 1645 S 32 W 52 N   165 M  10
1987 04 16 1558 1652 S 30 W 51 B   175 M  10
1987 04 16 1544 1804 S 32 W 43 B   343 M  10
1987 04 16 1600 1652 S 32 W 46 B   226 M  10
1987 04 16 1729 1749 S 34 W 45 N    43      
1987 04 16 1946 1957 S 32 W 53 F    12      
1987 04 16 2041 2045 S 32 W 54 F    10      
1987 04 16 2231 2234 S 32 W 63 F    15      
1987 04 17 0041 0056 S 32 W 56 N    32      
1987 04 17 0041 0051 S 32 W 56 N    22      
1987 04 17 0048 0056 S 32 W 49 N    24      
1987 04 17 0133 0142 S 33 W 50 F    34      
1987 04 17 0150 0221 S 30 W 55 N    48      
1987 04 17 0158 0218 S 29 W 53 N    16      
1987 04 17 0605 0616 S 05 W 46 N    40      
1987 04 17 0606 0613 S 06 W 44 N    32      
1987 04 17 1209 1233 S 33 W 55 F    37      
1987 04 17 1215 1226 S 33 W 56 F    17      
1987 04 17 1458 1537 S 33 W 56 N    42      
1987 04 17 1656 1727 S 30 W 61 N    42 C  16
1987 04 17 1702 1720 S 30 W 61 N    21      
1987 04 17 1837 1841 S 30 W 62 N    52      
1987 04 17 1901 1919 S 30 W 62 F    32      
1987 04 17 1923 1950 S 31 W 66 F    38 C  11
1987 04 17 2336 2420 S 33 W 59 N   130 C  52
1987 04 17 2337 2401 S 34 W 60 N   140      
1987 04 18 0121 0145 S 32 W 61 N    80      
1987 04 18 0552 0559 S 30 W 69 F    17      
1987 04 18 0620 0628 S 33 W 64 F    33      
1987 04 18 0642 0701 S 32 W 70 F    40      
1987 04 18 1128 1205 S 30 W 72 F    10      
1987 04 18 1142 1213 S 08 W 61 F    26 C  19
1987 04 18 1143 1216 S 10 W 62 F    33 C  19
1987 04 18 1310 1323 N 24 W 10 F    10      
1987 04 18 1332 1351 S 30 W 72 F    20      
1987 04 18 1352 1433 S 32 W 67 N   108      
1987 04 18 1354 1430 S 32 W 66 B   150      
1987 04 18 1357 1422 S 32 W 70 B   104 C  35
1987 04 18 1432 1457 S 30 W 74 F    20      
1987 04 18 1523 1550 S 32 W 68 N    48      
1987 04 18 1523 1606 S 33 W 72 N    72      
1987 04 18 1530 1545 S 31 W 64 F    46      
1987 04 18 1715 1722 S 32 W 76 F    18 C  10
1987 04 18 1719 1723 S 33 W 76 F    17 C  10
1987 04 18 1759 1805 S 32 W 77 F    17      
1987 04 18 1838 1845 S 32 W 77 F    28      
1987 04 18 1855 1905 S 32 W 77 N    29      
1987 04 18 2251 2428 S 33 W 85 F    88      
1987 04 18 2324 2336 S 33 W 85 F    99      
1987 04 19 0019 0028 S 33 W 85 F    72      
1987 04 19 0201 0222 S 32 W 76 N    96      
1987 04 19 0729 0729 N 02 W 66 F    56      
1987 04 19 1205 1227 S 32 W 81 N    30 C  13
1987 04 20 1932 1947 S 30 W 90 B   130      
1987 04 20 1934 1948 S 30 W 90 B   120      
1987 04 22 0637 0655 N 30 E 26 F    40      
1987 04 22 1419 1434 N 03 E 69 F    42      
1987 04 22 1444 1505 N 02 E 68 F    23      
1987 04 22 1707 1714 N 03 E 67 F    32      
1987 04 22 2235 2244 N 02 E 63 F    22      
1987 04 23 1741 1758 N 01 E 52 F    22      
1987 04 23 1746 1753 N 02 E 52 F    12      
1987 04 24 0538 0640 N 26 W 48 N    60      
1987 04 24 0728 0742 N 26 W 50 B    72 C  37
1987 04 24 0728 0741 N 26 W 49 B    60      
1987 04 24 0737 0741 N 28 W 49 B            
1987 04 24 0805 1240 N 26 W 51 N    50      
1987 04 24 1711 1719 N 28 W 56 N    15      
1987 04 24 1949 2011 N 25 W 55 F    19      
1987 04 25 0030 0108 N 27 W 64 N    32      
1987 04 25 0048 0108 N 01 E 40 N    32      
1987 04 25 0133 0224 N 29 W 64 N    32      
1987 04 27 0850 0900 N 02 E 05 F    28      
1987 04 27 1035 1040 N 02 E 05 F    28      
1987 04 30 0722 0742 N 00 W 35 F    51      
1987 04 30 0721 0750 S 01 W 36 F    84      
1987 05 01 1835 1839 N 02 W 54 F    12      
1987 05 01 1836 1912 S 28 W 36 F    52      
1987 05 01 1843 1919 S 28 W 36 F    35      
1987 05 01 1858 1934 N 01 W 57 B   182 C  59
1987 05 01 2118 2123 N 02 W 55 F    18      
1987 05 01 2302 2307 N 02 W 56 F    26      
1987 05 02 0031 0115 N 02 W 60 N    32      
1987 05 02 0145 0156 N 02 W 60 B   161      
1987 05 02 0203 0245 N 03 W 61 B   273      
1987 05 05 0953 1015 S 27 W 88 N    20      
1987 05 05 0953 1015 S 28 W 88 F    20      
1987 05 05 1039 1110 S 28 W 88 N    20      
1987 05 05 1645 1706 S 31 E 70 F    32      
1987 05 05 1646 1659 S 31 E 70 F    17      
1987 05 05 1906 1911 S 31 E 68 F    12      
1987 05 06 1118 1124 S 30 E 56 F    10      
1987 05 06 1200 1218 S 30 E 58 F    15      
1987 05 06 1214 1218 S 30 E 58 F    10      
1987 05 06 1340 1355 S 30 E 53 B    70      
1987 05 06 1343 1404 S 29 E 56 N    63      
1987 05 06 1513 1613 S 30 E 52 F    20      
1987 05 06 1619 1637 S 30 E 51 F    20      
1987 05 06 1813 1821 S 30 E 53 F    21      
1987 05 07 0940 0948 S 36 E 45 F    10      
1987 05 07 1008 1045 S 35 E 50 F    20      
1987 05 07 1152 1204 S 31 E 44 F    31      
1987 05 07 1152 1200 S 30 E 42 F    20      
1987 05 07 1255 1326 S 30 E 41 F    30      
1987 05 07 1305 1309 S 30 E 43 F    18      
1987 05 07 1331 1358 S 30 E 41 F    20      
1987 05 07 1333 1337 S 30 E 43 F    17      
1987 05 07 2252 2304 S 29 E 36 F    95      
1987 05 07 2256 2306 S 28 E 35 F   100      
1987 05 07 2321 2341 S 32 E 43 F    99      
1987 05 08 0035 0043 S 29 E 36 F    25      
1987 05 08 0037 0037 S 33 E 38 N    50      
1987 05 08 0511 0525 S 30 E 33 F    36      
1987 05 08 0751 0804 S 35 E 34 F    32      
1987 05 10 0849 0900 S 34 E 15 F            
1987 05 11 0054 0124 S 33 E 12 F   108      
1987 05 11 0104 0108 S 33 E 09 F    35      
1987 05 11 0734 0742 S 34 W 01 F    10      
1987 05 11 0735 0740 S 33 W 02 N   208      
1987 05 13 0638 0713 S 34 W 28 N    24      
1987 05 13 0725 0745 S 31 W 26 N    47      
1987 05 13 0817 0840 S 33 W 28 N    16      
1987 05 13 0920 0930 S 38 W 24 F            
1987 05 14 0109 0134 S 22 E 01 N    12      
1987 05 14 0122 0141 S 22 W 03 N    16      
1987 05 14 0844 0848 N 37 E 90 F            
1987 05 14 1434 1505 S 23 E 71 F    10      
1987 05 15 0410 0430 S 23 E 70 B   147 C  19
1987 05 15 0846 0850 S 24 E 75 F    21      
1987 05 15 1015 1029 S 24 E 71 F    21      
1987 05 15 1021 1025 N 29 E 78 F    79      
1987 05 16 0409 0442 S 22 E 60 B   164 C  19
1987 05 16 0416 0440 S 25 E 63 B   147 C  19
1987 05 16 0537 0550 S 35 W 53 N   120      
1987 05 16 0619 0636 N 28 E 62 B    70      
1987 05 16 0621 0810 N 30 E 75 F   394      
1987 05 16 0910 0918 N 32 E 65 F            
1987 05 16 0926 0929 N 32 E 65 F    10      
1987 05 16 0939 0959 N 31 E 68 B   114      
1987 05 16 0940 1005 N 29 E 70 N   169      
1987 05 16 1032 1111 N 29 E 70 N    36 C  16
1987 05 16 1039 1045 N 28 E 70 B    35      
1987 05 16 1055 1120 N 28 E 72 F    25      
1987 05 16 1109 1120 N 28 E 70 N    37 C  16
1987 05 16 1036 1126 S 27 W 52 F    20      
1987 05 16 1145 1208 N 28 E 70 B    46 C  12
1987 05 16 1145 1208 N 32 E 65 F    40      
1987 05 16 1157 1210 N 28 E 70 F   169      
1987 05 16 1219 1237 N 32 E 64 F    20      
1987 05 16 1228 1235 N 28 E 59 F    50      
1987 05 16 1240 1348 S 20 W 40 F    20      
1987 05 16 1247 1258 N 28 E 71 N    25      
1987 05 16 1328 1336 N 27 E 64 F    20      
1987 05 16 1422 1431 S 20 W 37 N    66      
1987 05 16 1422 1431 S 20 W 32 F    21      
1987 05 16 1531 1551 N 28 E 58 N    20      
1987 05 16 1541 1545 N 28 E 57 F    18      
1987 05 16 1740 1747 S 19 W 33 F    11      
1987 05 16 1854 1918 S 21 E 49 N    22      
1987 05 16 1903 1918 S 23 E 58 F    20      
1987 05 16 1948 2040 S 20 W 38 N    63      
1987 05 16 2235 2243 S 21 E 47 F    43      
1987 05 16 2255 2305 S 20 W 40 F    27      
1987 05 16 2344      N 33 E 63 F    55      
1987 05 17 0033 0053 S 19 W 36 F    21      
1987 05 17 0146 0156 N 29 E 53 B    83      
1987 05 17 0450 0500 S 19 W 38 F    71      
1987 05 17 0607 0627 S 20 W 40 N    94      
1987 05 17 0720 0729 N 28 E 48 F    84      
1987 05 17 0654 0801 S 21 W 41 F   169      
1987 05 17 0831 0905 S 21 W 43 B   158 C  49
1987 05 17 0835 0906 S 21 W 42 N    67      
1987 05 17 0846 0950 S 22 W 43 B   394      
1987 05 17 0902 0910 N 27 E 47 F   112      
1987 05 17 1228 1240 S 19 W 42 F    17      
1987 05 17 1457 1504 N 28 E 48 F    28      
1987 05 17 1614 1621 N 28 E 49 F    16      
1987 05 18 0034 0101 S 26 E 44 F   140      
1987 05 18 0143 0218 N 29 E 47 B   400      
1987 05 18 0513 0514 N 29 E 45 F   120      
1987 05 18 0838 0852 N 36 E 45 F            
1987 05 18 0915 0925 N 27 E 41 F            
1987 05 18 0942 0955 S 35 W 88 N            
1987 05 18 1004 1008 S 21 W 54 F            
1987 05 18 1108 1123 S 18 W 54 N   125      
1987 05 18 1115 1118 N 32 E 45 F    31      
1987 05 18 1638 1651 N 29 E 39 N    38      
1987 05 18 2321 2335 N 24 E 32 N    70 C  13
1987 05 18 2321 2336 N 23 E 33 N    75      
1987 05 19 0004 0016 S 18 W 70 N    46      
1987 05 19 0119 0123 N 24 E 31 N    24      
1987 05 19 0157 0207 S 24 W 67 N    65      
1987 05 19 0157 0207 S 24 W 67 F    99      
1987 05 19 0216 0225 N 27 E 30 F   179      
1987 05 19 0437 0456 N 26 E 34 F    20      
1987 05 19 0533 0602 S 19 W 67 F    28      
1987 05 19 0536 0603 S 19 W 65 F    22      
1987 05 19 0640 0657 N 24 E 27 F    56      
1987 05 19 0723 0734 N 29 E 32 F            
1987 05 19 0728 0746 S 20 W 68 F    15      
1987 05 19 0740 0747 S 19 W 67 F    19      
1987 05 19 0752 0804 S 21 W 68 F            
1987 05 19 0850 0903 S 21 W 68 F            
1987 05 19 0935 0942 N 26 E 26 F            
1987 05 19 1212 1234 N 26 E 25 N   120      
1987 05 19 1223 1234 S 19 W 71 F    31 C  32
1987 05 19 1252 1307 N 28 E 26 B   122 C  26
1987 05 19 1254 1304 N 26 E 25 B   140      
1987 05 19 1350 1352 N 30 E 30 F            
1987 05 19 1808 1837 N 30 E 25 B    76 C  96
1987 05 19 2315 2329 N 31 E 24 N    48      
1987 05 20 0040 0047 N 27 E 19 B   102      
1987 05 20 0207 0213 S 25 E 17 N    31      
1987 05 20 0235 0243 N 33 E 24 F   152      
1987 05 20 0623 0633 N 32 E 21 N    16      
1987 05 20 0634 0657 N 28 E 13 B    24      
1987 05 20 0853 0920 N 24 E 13 F    20      
1987 05 20 0923 1001 N 27 E 17 N    42      
1987 05 20 0925 0939 N 30 E 18 F    10      
1987 05 20 0936 1020 N 25 E 18 B    70      
1987 05 20 1227 1320 N 27 E 20 F    40      
1987 05 20 1302 1358 N 30 E 15 N   482 C  13
1987 05 20 1414 1435 N 23 E 11 F    40      
1987 05 20 1509 1515 N 29 E 16 F    11      
1987 05 20 1635 1650 N 31 E 17 F    19      
1987 05 20 1916 1939 N 29 E 12 F    18      
1987 05 21 0042 0056 N 29 E 08 N    63      
1987 05 21 0122 0206 N 28 E 08 N    94      
1987 05 21 0229 0243 N 34 E 11 N    47      
1987 05 21 0314 0358 N 25 E 04 B   348 C  76
1987 05 21 0315 0350 N 24 E 03 B   320      
1987 05 21 0317 0350 N 24 E 05 B   661      
1987 05 21 0322 0422 N 30 E 03 N   548      
1987 05 21 0517 0530 N 29 E 05 F    32      
1987 05 21 0702 0732 N 24 E 05 N    47      
1987 05 21 0755 0816 N 27 E 05 B   126      
1987 05 21 0800 0805 N 25 E 04 N    84      
1987 05 21 0802 0809 N 27 E 03 N    50      
1987 05 21 0844 0903 N 26 E 04 N    60      
1987 05 21 0846 0903 N 25 E 05 F    40      
1987 05 21 0911 0930 N 25 E 04 F    45 C  10
1987 05 21 0912 0945 N 27 E 07 N   220      
1987 05 21 1137 1143 N 29 E 07 F    40      
1987 05 21 1423 1438 N 29 E 06 F    30      
1987 05 21 1551 1612 N 26 W 04 F    40      
1987 05 21 1552 1610 N 26 W 06 F            
1987 05 21 1831 1858 N 30 E 00 N   117 C  21
1987 05 21 2225 2255 N 26 E 00 F    52      
1987 05 21 2344 2357 N 25 W 04 N    45      
1987 05 22 0204 0246 S 23 W 16 N   193      
1987 05 22 0208 0246 N 28 W 04 N    94      
1987 05 22 0309 0318 N 28 W 07 F    19      
1987 05 22 0411 0413 N 28 W 05 F    41      
1987 05 22 0428 0451 N 29 W 07 N   265      
1987 05 22 0557 0617 N 27 W 09 F    70      
1987 05 22 0558 0617 N 25 W 08 N    80      
1987 05 22 0559 0613 N 24 W 08 N            
1987 05 22 0600 0618 N 26 W 07 F   178      
1987 05 22 1021 1024 N 29 W 06 F    20      
1987 05 22 1213 1255 N 29 W 12 N    96 C  48
1987 05 22 1236 1256 N 29 W 13 N   113 C  48
1987 05 22 1309 1318 N 28 W 11 F    16      
1987 05 22 1335 1348 N 29 W 10 N    30      
1987 05 22 1628 1648 N 30 W 14 F    40      
1987 05 22 1727 1800 N 30 W 15 N    40      
1987 05 23 0135 0153 N 29 W 15 N    24      
1987 05 23 0954 0959 N 28 W 24 F    10      
1987 05 23 1137 1155 N 29 W 25 B    60      
1987 05 23 1151 1211 N 29 W 24 F    43      
1987 05 23 1346 1406 N 30 W 28 F    10      
1987 05 23 1459 1506 N 30 W 28 F    10      
1987 05 23 1546 1603 N 29 W 25 N    49      
1987 05 23 1557 1601 N 28 W 32 F    28      
1987 05 23 1843 1849 N 30 W 29 F    43      
1987 05 23 1903 1908 N 28 W 28 N    35      
1987 05 23 2327 2346 N 25 W 33 N    35      
1987 05 24 0011 0014 N 24 W 30 N    68      
1987 05 24 0011 0013 N 23 W 30 F    60      
1987 05 24 0101 0130 N 25 W 35 B    66      
1987 05 24 0103 0149 N 25 W 33 F   133 C  10
1987 05 24 0125 0150 N 24 W 34 B    44      
1987 05 24 0314 0325 N 33 W 41 N   100      
1987 05 24 0850 0912 N 30 W 35 B   154 C  13
1987 05 24 0905 0912 N 33 W 31 B            
1987 05 24 0908 0916 N 30 W 38 N            
1987 05 24 1209 1223 N 26 W 37 F    35      
1987 05 24 1227 1250 N 24 W 42 N    58      
1987 05 24 1518 1548 N 30 W 36 B   288 M  12
1987 05 24 1519 1549 N 33 W 36 B   189 M  12
1987 05 24 1614 1625 N 26 W 39 F    40      
1987 05 24 1704 1748 N 24 W 46 N   167      
1987 05 24 1720 1750 N 24 W 43 N    41      
1987 05 24 1751 1822 N 25 W 39 N    65      
1987 05 24 1754 1811 N 25 W 39 N    52 C  23
1987 05 24 1915 1952 N 26 W 40 N    77      
1987 05 24 1923 1949 N 25 W 41 N    62      
1987 05 24 2039 2133 N 25 W 46 B   215 C  27
1987 05 24 2045 2120 N 29 W 40 B   263 C  27
1987 05 25 0316 0322 N 31 W 38 F    80      
1987 05 25 0329 0356 N 30 W 48 B   403 M  13
1987 05 25 0330 0403 N 30 W 49 B   559 M  13
1987 05 25 0440 0522 N 24 W 48 N   151      
1987 05 25 0445 0521 N 25 W 50 B    42      
1987 05 25 0511 0518 N 24 W 50 N   261      
1987 05 25 0649 0658 N 30 W 50 B   130      
1987 05 25 0650 0656 N 31 W 49 B    90      
1987 05 25 0724 0737 N 29 W 50 N   120      
1987 05 25 0729 0736 N 31 W 49 N    88      
1987 05 25 0757 0800 N 21 W 90 F            
1987 05 25 0826 0836 N 29 W 49 F    56      
1987 05 25 0908 0912 N 28 W 48 F            
1987 05 25 0923 0958 N 28 W 50 N    70      
1987 05 25 0925 0930 N 28 W 48 N            
1987 05 25 1025 1050 N 33 W 47 F    30      
1987 05 25 1137 1147 N 30 W 51 N    20      
1987 05 25 1202 1223 N 30 W 51 N   124 C  14
1987 05 25 1207 1224 N 30 W 51 N   172 C  14
1987 05 25 1226 1240 N 26 W 48 N    43      
1987 05 25 1232 1237 N 27 W 47 N    54      
1987 05 25 1303 1336 N 26 W 52 F   114      
1987 05 25 1318 1335 N 29 W 51 F    69      
1987 05 25 1343 1408 N 30 W 52 N    76 C  22
1987 05 25 1343 1359 N 31 W 51 N    88 C  22
1987 05 25 1344 1423 N 29 W 56 B    60      
1987 05 25 1435 1510 N 23 E 38 F    10      
1987 05 25 1513 1523 N 29 W 53 N    99 C  16
1987 05 25 1518 1542 N 31 W 53 F   160 C  16
1987 05 25 1604 1701 N 29 W 54 N    87 C  42
1987 05 25 1609 1706 N 31 W 54 N   184 C  42
1987 05 25 1613 1642 N 29 W 53 N    58 C  42
1987 05 25 1723 1730 N 25 W 55 B    50      
1987 05 25 1850 1926 N 29 W 56 N   110 C  59
1987 05 25 1900 1926 N 29 W 56 N    95 C  59
1987 05 25 2220 2228 N 29 W 55 N    65      
1987 05 25 2359 2414 N 30 W 53 N    50 C  10
1987 05 26 0001 0004 N 28 W 54 F    24 C  10
1987 05 26 0039 0111 N 25 W 57 F    42 C  15
1987 05 26 0326 0338 N 28 W 58 N   159      
1987 05 26 0545 0618 N 25 W 60 N    76 C  28
1987 05 26 0557 0604 N 24 W 60 F            
1987 05 26 0610 0624 N 24 W 59 N    22 C  28
1987 05 26 0735 0739 N 26 W 60 F            
1987 05 26 0743 0750 N 30 W 62 F    26 C  13
1987 05 26 0743 0746 N 29 W 60 F    16 C  13
1987 05 26 1554 1602 N 25 W 66 F            
1987 05 26 1647 1704 N 25 W 66 N    12      
1987 05 26 1647 1705 N 25 W 65 N    13      
1987 05 26 1941 2006 N 27 W 68 N   126 C  81
1987 05 26 2356 2405 N 28 W 71 F    19 C  26
1987 05 27 0132 0143 N 22 W 71 F    25 C  29
1987 05 27 0509 0611 N 26 W 70 F    69      
1987 05 27 1754 1803 N 30 W 80 N    72 C  23
1987 05 27 1812 1819 N 28 W 79 F    60      
1987 05 27 1844 1855 N 28 W 78 N    20      
1987 05 27 1844 1850 N 29 W 78 N    20      
1987 05 27 2240 2256 N 26 W 85 F    72      
1987 05 27 2307 2313 N 23 W 88 F    90      
1987 05 27 2311 2314 N 24 W 89 F    21      
1987 05 28 0040 0105 N 13 W 90 N    99      
1987 05 28 0111 0126 N 26 W 85 F    90      
1987 05 28 0515 0535 N 27 W 86 F    71      
1987 05 29 0852 0904 N 30 W 90 N    10      
1987 05 30 0753 0801 N 23 E 05 F    20      
1987 05 31 0145 0151 N 23 W 42 F    60      
1987 06 02 0906 0936 S 30 E 90 N    62      
1987 06 02 0920 0926 S 25 E 90 F    84      
1987 06 06 0745 0750 S 26 E 55 F            
1987 06 14 0728 0737 S 26 W 51 F            
1987 06 14 0843 0900 N 34 E 59 F            
1987 06 14 0844 0858 N 32 E 53 F   112      
1987 06 16 0540 0555 N 32 E 30 N    20      
1987 06 16 0541 0550 N 34 E 31 F    20      
1987 06 16 0542 0613 S 22 W 90 N    20      
1987 06 16 0710 0815 N 34 E 26 F    20      
1987 06 16 0845 0903 S 22 W 87 F            
1987 06 16 1043 1059 S 22 W 88 F            
1987 06 18 0034 0044 S 29 E 69 F    18      
1987 06 18 1434 1439 N 35 E 37 N    20      
1987 06 19 0415 0435 N 37 W 06 F    14      
1987 06 20 0842 0903 N 19 E 47 F    10      
1987 06 20 1524 1550 N 04 W 48 F    20      
1987 06 21 0423 0443 N 18 E 36 F    58      
1987 06 21 0641 0746 N 18 E 35 N   112      
1987 06 22 1119 1125 N 19 E 23 N    56      
1987 06 22 0300 0304 N 20 E 26 F    18      
1987 06 22 0831 0834 N 18 E 21 N   110      
1987 06 22 0831 0834 S 33 E 30 N    24      
1987 06 22 1120 1227 N 19 E 23 N    31      
1987 06 22 1215 1245 N 18 E 21 N   169      
1987 06 22 1338 1352 N 18 E 19 F    23      
1987 06 22 1714 1728 N 19 E 19 N    30      
1987 06 22 1716 1722 N 19 E 19 F    13      
1987 06 22 2018 2034 N 18 E 15 N    33      
1987 06 23 0518 0550 N 18 E 10 F    60      
1987 06 23 0646 0705 N 19 E 08 F    20      
1987 06 23 1013 1038 N 20 E 07 F    20      
1987 06 23 1050 1115 N 20 E 07 N    30      
1987 06 23 1227 1249 S 33 E 15 F    40      
1987 06 23 1333 1345 N 20 E 05 F    20      
1987 06 24 0029 0048 N 18 E 00 N    39      
1987 06 24 0457 0518 N 18 W 04 N    65      
1987 06 24 0500 0513 N 18 W 06 N    38      
1987 06 24 0503 0522 N 18 W 02 N    97      
1987 06 24 0530 0537 N 18 W 01 F    38      
1987 06 24 0525 0558 N 19 W 18 N    50      
1987 06 24 0606 0623 N 19 W 18 F    20      
1987 06 24 0636 0655 S 34 W 12 N    61      
1987 06 24 0640 0645 S 35 W 13 N   112      
1987 06 24 1356 1415 N 17 E 02 F    10      
1987 06 25 1136 1148 N 30 W 86 F    20      
1987 06 25 1138 1205 N 27 W 24 F    38      
1987 06 25 1140 1146 N 27 W 23 N    56      
1987 06 25 1353 1403 N 30 W 87 F    10      
1987 06 25 1854 1915 N 22 W 26 F    41      
1987 06 26 0309 0346 S 32 W 20 N    49      
1987 06 26 0312 0350 S 32 W 21 N    97      
1987 06 26 0342 0349 S 32 W 18 F    31      
1987 06 26 0617 0642 N 17 W 32 F            
1987 06 26 0711 0728 N 17 W 32 F            
1987 06 26 0850 0925 S 32 W 24 N   123      
1987 06 26 0850 0900 S 32 W 24 N   197      
1987 06 26 1319 1334 N 19 W 39 F    29      
1987 06 26 1739 1815 S 33 W 27 F   120      
1987 06 26 1900 1913 S 33 W 22 N    36      
1987 06 26 2223 2230 S 33 W 23 F    24      
1987 06 27 0902 0906 S 31 W 36 F            
1987 06 27 1012 1157 S 33 W 36 N   194      
1987 06 27 1026 1112 S 33 W 35 N   330      
1987 06 27 1302 1330 N 28 E 58 F    20      
1987 06 27 1319 1334 N 19 W 49 F    29      
1987 06 27 1425 1442 S 32 W 38 F    22      
1987 06 27 1428 1440 S 32 W 39 F    23      
1987 06 27 1545 1818 S 32 W 25 F    30      
1987 06 27 2228 2247 S 30 W 44 F    28      
1987 06 28 0658 0713 N 29 E 52 F            
1987 06 28 0721 0816 N 31 E 52 F            
1987 06 28 2220 2224 N 30 E 45 F    26      
1987 06 30 1115 1143 N 20 W 90 F    10      
1987 06 30 1233 1252 N 28 E 20 F    10      
1987 07 01 1326 1335 N 30 E 08 F    20      
1987 07 08 0551 0601 S 18 W 40 F    37      
1987 07 09 1236 1250 S 18 W 59 F    10      
1987 07 09 1429 1447 S 20 W 60 F    22      
1987 07 09 1455 1527 S 18 W 59 F    20      
1987 07 09 1512 1524 S 20 W 61 F    13      
1987 07 09 1549 1629 S 19 W 59 F    36      
1987 07 09 1646 1652 S 19 W 61 F    17      
1987 07 10 0817 0823 S 18 W 71 N    21      
1987 07 15 1158 1201 N 28 W 52 F   112      
1987 07 16 0940 1006 S 37 E 90 F    84      
1987 07 16 1015 1020 N 24 W 09 F            
1987 07 17 1130 1139 N 22 E 90 F    56      
1987 07 17 2157 2159 N 22 E 86 F    22      
1987 07 17 2250 2256 N 26 W 82 F    26      
1987 07 18 0531 0540 S 28 E 43 N    16      
1987 07 18 0534 0541 N 20 E 78 N    16      
1987 07 18 0611 0638 S 27 E 44 N     9      
1987 07 18 0616 0619 S 14 E 34 F     8      
1987 07 18 0840 0846 N 20 E 76 F    20      
1987 07 20 0730 0735 N 20 E 50 F            
1987 07 20 0820 0845 S 29 E 17 N    42      
1987 07 20 1041 1107 S 29 E 17 B    94      
1987 07 20 1243 1256 S 29 E 14 N    21      
1987 07 20 1814 1840 N 22 E 45 F    24      
1987 07 20 2226 2250 S 35 E 21 F    50      
1987 07 20 2318 2453 S 27 E 07 N   120      
1987 07 21 0638 0706 S 29 E 02 N    21      
1987 07 21 0710 0741 S 28 E 01 N    42      
1987 07 21 0720 0725 S 29 E 02 F    31      
1987 07 21 0723 0734 S 25 E 78 F            
1987 07 21 0732 0737 N 21 E 08 F            
1987 07 21 0940 0955 S 27 E 02 N            
1987 07 21 1035 1042 S 24 E 70 F    21      
1987 07 21 1726 1734 S 21 E 63 F    21      
1987 07 22 0640 0655 S 30 W 09 F            
1987 07 22 1013 1020 S 30 W 06 F    42      
1987 07 22 1102 1106 S 29 W 10 N    31      
1987 07 22 1204 1220 S 22 E 60 F            
1987 07 22 1230 1246 S 22 E 61 F    32      
1987 07 22 1238 1245 S 20 E 61 F    22      
1987 07 22 1315 1330 S 29 W 12 N    21      
1987 07 22 1518 1554 S 29 W 14 F    32 C  21
1987 07 22 1523 1555 S 30 W 13 F            
1987 07 22 1536 1550 S 30 W 14 F    26 C  21
1987 07 22 1620 1708 S 29 W 13 N    66 C  28
1987 07 22 1645 1657 S 30 W 11 N            
1987 07 22 1648 1652 S 22 E 56 F    17      
1987 07 22 1649 1653 S 22 E 55 F            
1987 07 22 1659 1702 S 20 E 58 F    17      
1987 07 22 1701 1705 S 22 E 55 F            
1987 07 22 1720 1738 S 22 E 58 F    16      
1987 07 22 1802 1812 S 22 E 57 F    13      
1987 07 22 1835 1906 S 22 E 55 F    18      
1987 07 22 1842 1853 S 22 E 57 F    14      
1987 07 22 1859 1913 S 22 E 57 F    11      
1987 07 22 1913 1921 S 20 E 53 F    27      
1987 07 22 1915 2041 S 29 W 14 F    39      
1987 07 22 1932 1939 S 28 W 18 F    16      
1987 07 22 2003 2006 S 29 W 16 F    20 C  14
1987 07 22 2049 2140 S 29 W 15 F    53 C  19
1987 07 23 0010 0028 S 29 W 18 F    30      
1987 07 23 0012 0028 S 29 W 18 F    14      
1987 07 23 0018 0024 S 22 E 54 F    13      
1987 07 23 0106 0148 S 30 W 17 F    21      
1987 07 23 0121 0151 S 31 W 16 F    23      
1987 07 23 0454 0516 S 30 W 20 N    39 C  18
1987 07 23 0524 0548 S 20 E 51 F    87      
1987 07 23 0644 0714 S 21 E 51 F    87      
1987 07 23 0713 0744 S 29 W 21 N    86 C  23
1987 07 23 0715 0730 S 30 W 21 N            
1987 07 23 0715 0745 S 29 W 22 N            
1987 07 23 0719 0745 S 29 W 20 N            
1987 07 23 0722 0736 S 29 W 21 N    21      
1987 07 23 0723 0732 S 31 W 20 F    18 C  23
1987 07 23 0735 0750 S 30 W 21 F    13      
1987 07 23 0757 0800 S 28 W 24 N            
1987 07 23 0732 0800 S 24 E 50 F   128      
1987 07 23 0808 0818 S 33 W 16 F            
1987 07 23 0814 0820 S 28 W 24 N            
1987 07 23 0817 0820 S 19 E 09 F            
1987 07 23 0854 0900 S 19 E 09 F            
1987 07 23 0920 0947 S 31 W 22 F    47 C  31
1987 07 23 0950 0955 S 27 W 26 N            
1987 07 23 0957 1002 S 34 W 07 F    26      
1987 07 23 1333 1348 S 22 E 45 F    11      
1987 07 23 1349 1401 S 30 W 24 F    20 C  11
1987 07 23 1350 1357 S 31 W 23 F    11 C  11
1987 07 23 1350 1357 S 30 W 25 F            
1987 07 23 1557 1609 S 19 E 04 F            
1987 07 23 1657 1702 S 30 W 26 F    21      
1987 07 23 1657 1702 S 30 W 25 F    21      
1987 07 23 1715 1728 S 29 W 26 F    21      
1987 07 23 1726 1811 S 29 W 28 F    14      
1987 07 23 1814 1835 S 28 W 28 F    34 C  26
1987 07 23 1836 1848 S 22 E 43 F    15      
1987 07 23 1911 2030 S 28 W 33 F    46 C  37
1987 07 23 1916 1943 S 30 W 29 F    14 C  37
1987 07 23 2305 2339 S 19 E 40 F   120      
1987 07 24 0022 0120 S 28 W 30 N   183 C  37
1987 07 24 0031 0226 S 26 W 26 N   300      
1987 07 24 0035 0105 S 29 W 31 N    63 C  37
1987 07 24 0058 0127 S 28 W 34 N   193      
1987 07 24 0512 0530 S 31 W 25 N   240      
1987 07 24 0817 0837 S 29 W 35 N    28 C  14
1987 07 24 0955 1049 S 28 W 37 B   198 M  30
1987 07 24 0956 1055 S 29 W 36 B   139 M  30
1987 07 24 1004 1040 S 29 W 38 B   394      
1987 07 24 1109 1113 S 22 E 35 F    13      
1987 07 24 1109 1112 S 23 E 36 F            
1987 07 24 1551 1619 N 31 E 70 N    60 C  10
1987 07 24 1553 1620 N 31 E 70 F    62 C  10
1987 07 24 1654 1824 N 22 W 11 N    73      
1987 07 24 1700 1712 N 19 W 10 F    31      
1987 07 24 1755 1935 N 22 W 11 F   171      
1987 07 24 1938 2003 S 27 W 42 F    12      
1987 07 25 0619 0651 S 27 W 47 F    70      
1987 07 25 0623 0649 S 28 W 52 F    24 C  16
1987 07 25 0656 0710 S 27 W 51 N   141      
1987 07 25 0840 0901 S 20 E 20 F    32      
1987 07 25 1024 1112 S 22 E 22 F    19      
1987 07 25 1100 1118 S 22 E 22 F            
1987 07 25 1145 1158 S 20 W 17 F    12 C  11
1987 07 25 1235 1240 S 30 W 48 F    25      
1987 07 25 1524 1610 S 29 W 54 F    25      
1987 07 25 1632 1648 S 29 W 50 N    18      
1987 07 25 1636 1643 S 29 W 48 N    14      
1987 07 25 1744 1754 S 28 W 54 F    18      
1987 07 25 1814 1819 N 31 E 58 F    16      
1987 07 25 1841 1853 S 28 W 55 F    15      
1987 07 25 2107 2212 S 28 W 59 N   163 C  55
1987 07 25 2136 2230 S 29 W 60 F   278      
1987 07 25 2200 2315 S 19 W 29 F   170      
1987 07 25 2206 2215 S 19 W 29 F   100 C  24
1987 07 26 0303 0307 S 26 E 14 N     8      
1987 07 26 0316 0340 S 25 W 60 N    16 C  18
1987 07 26 0328 0354 S 23 W 59 N    16 C  18
1987 07 26 0353 0426 N 30 E 54 N    11      
1987 07 26 0547 0550 S 29 W 61 N    94      
1987 07 26 0921 1014 S 30 W 61 N    19 C  26
1987 07 26 0958 1023 S 31 W 54 F            
1987 07 26 1201 1219 S 19 W 35 F    15      
1987 07 26 1350 1402 S 28 W 68 N    28      
1987 07 26 1353 1402 S 28 W 69 F    22      
1987 07 26 1523 1534 S 27 W 65 F    11      
1987 07 26 1806 1836 S 18 W 39 F    24      
1987 07 27 0224 0224 S 27 W 71 F    11 C  38
1987 07 27 0446 0657 S 31 W 76 F    96      
1987 07 27 1608 1617 S 26 W 71 F    27      
1987 07 27 1639 1650 S 26 W 71 F    14      
1987 07 27 1709 1714 S 31 W 78 F    10      
1987 07 27 1914 1927 S 23 W 70 F    22      
1987 07 28 0446 0501 S 22 W 23 F    70      
1987 07 28 0655 0720 S 30 W 90 F            
1987 07 28 0755 0806 S 28 W 90 F            
1987 07 28 0820 0838 S 31 W 75 F            
1987 07 28 0836 0838 S 31 W 75 F            
1987 07 28 1038 1043 S 30 W 90 F            
1987 07 29 0742 0813 N 31 E 12 F   140      
1987 07 29 0840 0853 N 30 E 06 F    28      
1987 07 29 2020 2026 S 21 W 39 F    14      
1987 07 29 2021 2041 N 17 W 82 F    26      
1987 07 29 2022 2034 N 16 W 78 F    28      
1987 07 29 2053 2110 N 16 W 78 F    28      
1987 07 30 0136 0156 S 24 W 43 N   140      
1987 07 30 0140 0142 S 26 W 40 F   120      
1987 07 30 0417 0423 S 29 W 34 F    22      
1987 07 30 0623 0641 S 22 W 38 F    47      
1987 07 30 0626 0634 S 22 W 37 F            
1987 07 30 0627 0630 S 21 W 37 F    16      
1987 07 30 1114 1124 S 29 W 36 F    14      
1987 07 30 1155 1210 S 29 W 36 F    16      
1987 07 30 1159 1219 S 22 W 40 N   169      
1987 07 30 1159 1221 S 21 W 39 N    53      
1987 07 31 0040 0056 N 16 E 10 N     8      
1987 07 31 0045 0054 N 20 W 24 N    31      
1987 07 31 0048 0054 N 31 W 08 B    16      
1987 07 31 0147 0158 S 30 W 44 N    47      
1987 07 31 0347 0353 N 30 W 12 N    26      
1987 07 31 0347 0356 N 30 W 10 N    32      
1987 07 31 0830 0842 N 29 W 14 F   114      
1987 07 31 1831 1912 N 15 W 01 F    15      
1987 08 01 1811 1823 S 23 W 66 N    60 C  86
1987 08 01 1819 1838 S 21 W 77 N    69 C  86
1987 08 02 0013 0031 S 25 E 59 F    12 C  36
1987 08 02 0049 0055 S 22 E 59 F    11      
1987 08 02 0140 0143 S 22 E 59 F    11      
1987 08 02 0231 0236 S 22 E 58 F    16      
1987 08 02 0342 0349 S 25 E 58 F    17      
1987 08 02 0424 0707 N 14 W 18 F   183      
1987 08 02 0959 1005 N 32 W 39 N    56      
1987 08 02 1215 1244 N 27 W 46 F    14      
1987 08 02 1651 1712 S 22 W 88 F    28      
1987 08 02 1657 1706 S 24 W 87 F    12      
1987 08 02 1824 1844 S 22 W 88 F    52      
1987 08 03 0606 0825 N 14 W 36 F   105      
1987 08 03 1207 1217 S 23 E 40 F    16      
1987 08 03 1232 1244 S 22 E 39 N    16      
1987 08 03 1233 1240 S 22 E 38 F    10      
1987 08 04 0638 0712 N 22 W 77 F    10      
1987 08 04 0707 0716 S 27 E 29 F    26      
1987 08 04 0710 0715 S 27 E 28 F    31      
1987 08 04 0825 0850 N 22 W 77 F    20      
1987 08 04 0830 0844 N 15 W 51 F            
1987 08 04 0835 0846 N 14 W 50 F    48      
1987 08 04 0845 0910 S 27 E 28 N    10      
1987 08 04 1029 1037 S 25 E 29 F            
1987 08 05 0220 0240 N 14 W 58 F    32      
1987 08 05 0347 0404 S 25 E 20 N            
1987 08 05 0801 0816 N 14 W 66 F    87      
1987 08 05 0810 0835 S 26 E 17 N    21      
1987 08 05 1358 1435 S 24 E 15 F    50      
1987 08 05 1528 1550 S 24 E 15 F    40      
1987 08 06 0236 0252 S 23 E 04 N    31      
1987 08 06 2220 2233 S 23 W 05 F    11      
1987 08 06 2339 2403 S 23 W 07 F    80      
1987 08 06 2340 2405 S 23 W 08 F    35      
1987 08 07 0242 0300 S 24 W 08 F    80      
1987 08 07 0243 0253 S 24 W 08 F    20      
1987 08 07 0308 0324 S 24 W 07 F    80      
1987 08 07 0412 0422 S 24 W 08 F    80      
1987 08 07 0526 0622 S 25 W 10 F   145 C  25
1987 08 07 0527 0627 S 25 W 09 F    59 C  25
1987 08 07 0530 0628 S 25 W 10 F    27 C  25
1987 08 07 0704 0716 S 25 W 09 F    34      
1987 08 07 0704 0710 S 24 W 11 N    30      
1987 08 07 0705 0711 S 26 W 09 F    12      
1987 08 07 0713 0719 S 26 W 09 F    19      
1987 08 07 0725 0731 S 24 W 09 F            
1987 08 07 0733 0751 S 24 W 10 F    20 C  16
1987 08 07 0734 0803 S 25 W 10 F    24 C  16
1987 08 07 0740 0745 S 24 W 09 F            
1987 08 07 0820 0830 S 26 W 11 N    26      
1987 08 07 0826 0901 S 25 W 11 N    92 C  37
1987 08 07 0832 0910 S 24 W 11 N    81      
1987 08 07 0835 0840 S 27 W 08 B    47 C  37
1987 08 07 0844 0851 S 24 W 14 B   112      
1987 08 07 0959 0959 S 24 W 15 N   141      
1987 08 07 1259 1316 S 24 W 12 N    58      
1987 08 07 1301 1311 S 25 W 12 N    29      
1987 08 07 1426 1441 S 23 W 14 F    14      
1987 08 07 1522 1544 S 25 W 15 N    75 C  57
1987 08 07 1523 1540 S 25 W 14 N    45 C  57
1987 08 07 1529 1547 S 26 W 14 F    56 C  57
1987 08 07 1650 1716 S 24 W 17 N    32 C  89
1987 08 07 1651 1715 S 25 W 16 N    61 C  89
1987 08 07 1652 1714 S 25 W 14 N    56 C  89
1987 08 07 1754 1811 S 24 W 17 F    47      
1987 08 07 1830 1858 S 24 W 17 F    12 C  17
1987 08 07 1830 1900 S 24 W 18 F    10 C  17
1987 08 07 1852 1909 S 24 W 17 F    15      
1987 08 07 1943 2010 S 24 W 17 N    45 M  13
1987 08 07 1945 1954 S 25 W 17 F    41 M  13
1987 08 07 2035 2051 S 24 W 19 F    15      
1987 08 07 2225 2250 S 25 W 19 F   120      
1987 08 08 0120 0201 S 24 W 21 N   208 M  13
1987 08 08 0121 0212 S 23 W 23 N   300      
1987 08 08 0334 0341 S 25 W 21 N   180      
1987 08 08 0334 0402 S 24 W 21 N   113 M  13
1987 08 08 0336 0404 S 25 W 22 N            
1987 08 08 0428 0557 S 22 W 26 F    87      
1987 08 08 0604 0606 S 24 W 23 F    11      
1987 08 08 0624 0634 S 24 W 22 F    13      
1987 08 08 0708 0718 S 24 W 26 F            
1987 08 08 0717 0724 S 26 W 25 F            
1987 08 08 0822 0836 S 25 W 24 F    20      
1987 08 08 0903 0910 N 07 W 38 F            
1987 08 08 0923 0951 S 25 W 24 N    40      
1987 08 08 1018 1122 S 24 W 26 N    74 C  95
1987 08 08 1020 1025 S 25 W 26 N    84      
1987 08 08 1050 1115 S 24 W 28 N    21 C  95
1987 08 08 1216 1320 S 25 W 25 F    60      
1987 08 08 1241 1251 S 24 W 26 F            
1987 08 08 1337 1417 S 25 W 26 N            
1987 08 08 1346 1415 S 26 W 26 N    90 M  13
1987 08 08 1352 1413 S 23 W 30 N            
1987 08 08 1556 1610 S 25 W 26 F    10      
1987 08 08 1719 1742 S 26 W 28 F    24      
1987 08 08 1721 1737 S 26 W 28 F    19      
1987 08 08 1828 1839 S 24 W 31 F    39      
1987 08 08 1830 1836 S 24 W 29 F    13      
1987 08 08 1939 1945 S 24 W 33 F    21      
1987 08 08 2016 2018 S 23 W 30 F    13      
1987 08 08 2042 2059 S 23 W 30 F    76      
1987 08 08 2043 2056 S 24 W 30 F    29      
1987 08 08 2136 2157 S 25 W 29 B    80      
1987 08 08 2206 2212 S 25 W 30 F    80      
1987 08 08 2220 2250 S 24 W 31 F    76      
1987 08 08 2225 2226 S 25 W 33 F   180      
1987 08 08 2352 2404 S 26 W 32 N   100      
1987 08 09 0123 0202 S 25 W 33 F   140      
1987 08 09 0226 0246 S 23 W 35 F    37      
1987 08 09 0300 0320 S 24 W 36 F   133      
1987 08 09 0302 0320 S 24 W 36 F    26      
1987 08 09 0345 0416 S 24 W 36 F   117      
1987 08 09 0402 0454 S 28 W 36 F   183      
1987 08 09 0609 0634 S 25 W 36 F    36      
1987 08 09 0610 0629 S 26 W 35 F    22      
1987 08 09 1247 1314 S 25 W 39 F    26      
1987 08 09 1253 1309 S 26 W 39 F    24      
1987 08 09 1352 1404 S 25 E 78 N            
1987 08 09 1528 1557 S 24 W 44 F    13      
1987 08 09 1550 1555 S 25 W 43 F    13      
1987 08 09 1954 2016 S 23 W 44 F    20      
1987 08 09 2253 2304 S 23 E 85 F    12      
1987 08 09 2338 2338 S 25 W 43 N    40      
1987 08 10 0300 0309 S 21 E 65 F    10 C  83
1987 08 10 1145 1152 S 22 E 62 F    43      
1987 08 10 1145 1155 S 22 E 70 F    12      
1987 08 10 1238 1313 S 26 W 54 F    38 C  18
1987 08 10 1245 1255 S 25 W 53 N    31 C  18
1987 08 10 1329 1346 S 25 W 57 F    14      
1987 08 10 1615 1648 S 23 E 64 F    26      
1987 08 10 2107 2147 S 22 E 69 F    23      
1987 08 10 2153 2224 S 23 E 61 N   120      
1987 08 10 2220 2232 N 05 W 68 F    26      
1987 08 11 0152 0217 N 08 W 72 N    64      
1987 08 11 0209 0212 S 25 E 61 F    21      
1987 08 11 0814 0824 S 21 E 60 N    48      
1987 08 11 1105 1147 S 23 E 58 N   117 C  31
1987 08 11 1107 1142 S 22 E 58 N   117 C  31
1987 08 11 1117 1129 S 20 E 61 N   192      
1987 08 11 1500 1506 S 22 E 50 F    17      
1987 08 11 1502 1504 S 25 E 47 F            
1987 08 11 1527 1544 N 07 W 78 F    10      
1987 08 11 1754 1815 S 23 E 55 F    29      
1987 08 11 2148 2242 S 20 E 48 N    76 C  43
1987 08 12 0845 0912 S 33 E 79 F    20      
1987 08 12 1020 1032 S 23 E 90 N    50      
1987 08 12 1050 1054 S 23 E 90 F            
1987 08 12 1520 1610 N 23 E 24 F    30      
1987 08 13 0249 0340 S 23 E 31 N            
1987 08 13 0254 0314 S 24 E 27 F    34 C  18
1987 08 13 0310 0337 S 24 E 35 N   159      
1987 08 13 0606 0617 S 30 E 63 F    10      
1987 08 13 0609 0615 S 23 E 72 F    20      
1987 08 13 0821 0850 N 24 E 08 F    10      
1987 08 13 1009 1030 S 23 E 67 F    30      
1987 08 13 1123 1144 S 23 E 31 F    24      
1987 08 13 1128 1146 S 24 E 32 N    50      
1987 08 13 1135 1145 S 24 E 32 F    16      
1987 08 13 1223 1240 S 24 E 31 F    60      
1987 08 13 1226 1240 S 25 E 28 F    13      
1987 08 13 1317 1412 S 25 E 62 B   120      
1987 08 13 1338 1355 S 23 E 71 F    11 M  12
1987 08 13 1529 1539 S 24 E 28 F    22      
1987 08 13 1529 1541 S 25 E 30 F    40      
1987 08 13 1551 1554 S 22 E 71 F    15      
1987 08 13 1547 1629 S 24 E 28 B   124 C  49
1987 08 13 1550 1625 S 25 E 29 B   103      
1987 08 13 1556 1631 S 24 E 27 N   102 C  49
1987 08 14 0125 0140 S 24 E 22 F    39      
1987 08 14 1207 1216 S 30 E 20 F    20      
1987 08 14 1327 1335 S 26 E 16 F    20      
1987 08 14 1648 1700 S 25 E 57 F    14      
1987 08 14 1652 1659 S 23 E 57 F    26      
1987 08 14 1728 1733 S 24 E 55 F    13      
1987 08 15 0526 0545 S 28 E 04 F   120      
1987 08 15 0752 0800 S 32 E 41 F            
1987 08 15 0840 0848 S 27 W 01 F            
1987 08 16 0400 0432 S 29 W 06 N    31      
1987 08 16 1810 1821 S 23 E 36 N    52      
1987 08 16 2111 2124 S 24 E 34 F    14      
1987 08 16 2159 2206 S 24 E 33 F    22      
1987 08 17 0639 0653 S 29 W 22 N    84      
1987 08 17 0640 0640 S 29 W 23 N    84      
1987 08 17 2022 2100 S 29 E 03 F    18      
1987 08 18 0114 0136 S 31 E 04 F    17      
1987 08 18 0229 0247 N 17 E 19 N     8      
1987 08 18 0720 0728 S 26 W 56 N     8      
1987 08 19 0717 0724 S 25 W 45 F    21      
1987 08 19 1000 1019 S 29 W 50 N    42      
1987 08 19 1000 1217 S 24 W 48 B   534      
1987 08 19 1010 1024 S 22 W 49 N            
1987 08 19 1027 1053 S 25 W 41 B   125      
1987 08 19 1118 1234 S 28 W 45 F   113      
1987 08 19 1405 1419 S 22 W 03 F    24      
1987 08 19 1848 1900 S 33 W 16 F    20      
1987 08 20 0027 0042 S 33 W 22 N            
1987 08 20 0650 0655 N 18 E 90 B            
1987 08 20 0815 0847 N 33 W 21 F    87      
1987 08 20 0824 0834 S 32 W 20 F    20      
1987 08 20 0827 0842 S 33 W 19 F    20      
1987 08 20 1546 1552 S 28 W 60 F    12      
1987 08 20 1752 1803 S 28 W 30 F    11      
1987 08 20 1822 1850 S 34 W 30 F    19      
1987 08 20 1852 1900 S 32 W 27 F    16      
1987 08 20 1854 1905 S 30 W 62 F    10      
1987 08 21 0528 0622 S 30 W 40 N    29 C  13
1987 08 21 0530 0632 S 29 W 38 N    26 C  13
1987 08 21 0536 0617 S 30 W 38 B   133      
1987 08 21 0618 0628 S 29 W 39 N    47      
1987 08 21 1201 1205 S 31 W 41 N    56      
1987 08 21 1608 1615 S 32 W 43 F    10      
1987 08 21 1609 1627 S 32 W 43 F    11      
1987 08 21 2156 2216 N 14 E 79 F    30 C  13
1987 08 22 0503 0620 N 16 E 74 N   133 C  92
1987 08 22 0503 0552 N 16 E 75 N    55 C  92
1987 08 22 0544 0615 N 15 E 75 N   174      
1987 08 22 0603 0623 N 15 E 75 N   141 C  92
1987 08 22 0736 0856 N 11 E 71 N   197      
1987 08 22 0921 1001 N 11 E 70 N   141      
1987 08 22 1214 1305 N 15 E 68 F    69 C  18
1987 08 22 1214 1312 N 16 E 68 F    40 C  18
1987 08 22 1457 1506 N 15 E 67 F    26      
1987 08 22 1638 1711 N 16 E 66 N    75 M  13
1987 08 22 1639 1717 N 15 E 67 N    81 M  13
1987 08 22 1646 1655 N 18 E 64 F    75 M  13
1987 08 22 2057 2114 N 15 E 64 F    31      
1987 08 23 0230 0311 N 14 E 64 B    47      
1987 08 23 0241 0325 N 14 E 61 F    32 C  32
1987 08 23 0401 0416 S 26 E 52 F   100      
1987 08 23 0406 0516 N 14 E 60 N   131      
1987 08 23 1231 1344 N 15 E 58 F    45 C  19
1987 08 23 1312 1345 N 12 E 56 F            
1987 08 23 2235 2348 N 14 E 52 B   172 M  13
1987 08 24 0735 0742 N 15 E 47 F            
1987 08 24 1033 1042 N 15 E 46 N    56      
1987 08 24 1033 1042 N 15 E 44 N    56      
1987 08 24 1210 1241 N 14 E 45 N    56      
1987 08 24 1340 1354 N 15 E 42 F    17      
1987 08 24 1342 1346 N 15 E 43 F            
1987 08 24 1448 1456 N 16 E 43 F    10      
1987 08 24 2217 2307 N 16 E 37 B   350      
1987 08 25 0141 0203 N 17 E 36 N   120 C  18
1987 08 25 0142 0212 N 16 E 36 B   114 C  18
1987 08 25 0307 0313 S 30 W 90 N    18      
1987 08 25 0526 0658 N 14 E 33 N   240 C  16
1987 08 25 0528 0543 N 15 E 34 N   265      
1987 08 25 0540 0615 N 13 E 34 N   321 C  16
1987 08 25 0642 0719 N 13 E 33 N   141      
1987 08 25 0950 1005 N 11 E 33 F            
1987 08 25 0952 0955 N 19 W 55 B   112      
1987 08 25 1127 1145 N 17 W 54 F    25      
1987 08 25 1250 1258 N 18 W 56 F    16      
1987 08 25 1250 1300 N 18 W 55 F    16      
1987 08 25 1714 1726 N 19 W 60 F    15      
1987 08 26 0045 0122 N 13 E 22 N    16 C  20
1987 08 26 0046 0139 N 13 E 22 B            
1987 08 26 0053 0142 N 14 E 22 N   320      
1987 08 26 0254 0302 N 18 W 65 N    31      
1987 08 26 1041 1041 N 16 E 16 F            
1987 08 26 1154 1157 N 17 E 16 F    31      
1987 08 26 1232 1236 N 17 E 16 N    42      
1987 08 26 2358 2401 N 21 W 74 F    30      
1987 08 26 2358 2401 N 18 W 74 F    42      
1987 08 27 0936 0955 S 28 E 90 F            
1987 08 27 1030 1040 S 25 E 90 N            
1987 08 27 1427 1453 N 14 E 03 F    83      
1987 08 28 1249 1251 S 26 E 70 F            
1987 08 29 1548 1552 S 21 E 52 F    16      
1987 08 29 1548 1552 S 21 E 52 F    17      
1987 08 31 1035 1045 S 26 E 68 F    56      
1987 08 31 1055 1102 S 26 E 26 N    56      
1987 08 31 1055 1100 S 26 E 26 F            
1987 08 31 1117 1122 S 25 E 73 F            
1987 08 31 1440 1443 S 25 E 72 F            
1987 09 01 0738 0750 S 25 E 60 B   110      
1987 09 01 0741 0750 S 24 E 58 N    84      
1987 09 01 1527 1709 S 26 E 59 F   106 C  66
1987 09 01 1532 1705 S 25 E 57 F   114 C  66
1987 09 01 1605 1605 S 27 E 59 F            
1987 09 01 2013 2030 S 21 E 77 F    14      
1987 09 01 2147 2200 S 20 E 75 F    17      
1987 09 02 0436 0547 S 21 E 52 F    50      
1987 09 02 0445 0516 S 25 E 45 N    43      
1987 09 02 1456 1510 S 23 E 65 F    18      
1987 09 02 2224 2229 S 20 E 61 F    17      
1987 09 03 0527 0602 S 24 E 57 F    87      
1987 09 03 0540 0634 S 24 E 36 F    87      
1987 09 03 0753 0935 S 27 E 35 F    60      
1987 09 03 0755 0850 S 29 E 37 N   107      
1987 09 03 1058 1108 S 25 W 06 F    20      
1987 09 03 1157 1215 S 25 E 46 F    20      
1987 09 03 1319 1328 S 25 E 34 F    22      
1987 09 03 1321 1327 S 24 E 34 F    18      
1987 09 03 1506 1519 S 22 E 53 F    15      
1987 09 03 1524 1624 S 20 E 52 F    63 C  12
1987 09 03 1534 1553 S 21 E 54 F    81 C  12
1987 09 03 1622 1629 S 18 E 50 F    28      
1987 09 03 2337 2347 S 22 E 47 F    28      
1987 09 04 0147 0200 S 24 E 45 B    45 C  14
1987 09 04 0915 0921 S 23 E 46 N    50      
1987 09 04 1003 1045 S 23 E 15 F    20      
1987 09 04 1809 1824 S 22 E 38 F    48      
1987 09 05 0006 0040 S 22 E 34 N   150 C  31
1987 09 05 0015 0031 S 20 E 36 N   156 C  31
1987 09 05 1550 1601 S 21 E 27 F    20      
1987 09 06 0801 0821 S 23 E 18 F    24      
1987 09 06 1202 1225 S 25 W 01 F    60      
1987 09 06 1332 1344 S 21 E 14 F    11      
1987 09 06 1410 1418 S 24 E 14 F    31      
1987 09 06 1435 1451 S 23 E 12 F    19      
1987 09 06 1556 1632 S 24 E 12 F    74      
1987 09 06 1618 1628 S 22 E 11 F    13      
1987 09 06 1703 1723 S 22 E 07 F    16      
1987 09 06 1930 1943 S 21 E 07 F    15      
1987 09 06 2252 2301 S 22 E 07 F    23      
1987 09 06 2343 2403 S 23 E 07 F    30      
1987 09 07 0015 0047 S 24 E 12 F    14      
1987 09 07 0328 0340 S 24 E 10 B   100 C  17
1987 09 07 0330 0343 S 24 E 10 B    70 C  17
1987 09 07 0515 0524 S 24 E 09 F    47      
1987 09 07 0607 0644 S 27 W 14 F    70      
1987 09 07 0620 0630 S 24 E 08 B    64 C  10
1987 09 07 0620 0633 S 24 E 09 B    40 C  10
1987 09 07 0655 0705 S 24 E 05 F    86      
1987 09 07 0657 0705 S 23 E 08 N    34      
1987 09 07 0729 0755 S 23 E 04 N    61 C  29
1987 09 07 0729 0747 S 25 E 05 N            
1987 09 07 0733 0748 S 24 E 07 N   105      
1987 09 07 0751 0803 S 24 E 06 N    47 C  29
1987 09 07 0757 0804 S 21 E 00 N            
1987 09 07 1004 1015 S 23 E 04 F            
1987 09 07 1042 1057 S 25 E 03 F            
1987 09 07 1201 1226 S 25 E 00 N    64 C  31
1987 09 07 1201 1230 S 24 W 02 N            
1987 09 07 1205 1228 S 25 W 03 B    56      
1987 09 07 1441 1618 S 23 W 01 F    48 C  10
1987 09 07 1449 1556 S 23 W 02 F    43 C  10
1987 09 07 1603 1647 S 24 E 00 N    34 C  31
1987 09 07 1849 1918 S 24 W 02 F    20 C  10
1987 09 07 1849 1902 S 24 W 02 F    17 C  10
1987 09 07 1905 1931 S 24 W 05 F    28      
1987 09 07 1932 1942 S 22 W 03 F    17      
1987 09 07 1956 2010 S 22 W 03 F    12 C  11
1987 09 07 2054 2114 S 23 W 04 F    17      
1987 09 07 2146 2156 S 22 W 04 F    16      
1987 09 08 0031 0042 S 22 W 06 F    19      
1987 09 08 0150 0200 S 24 W 08 F    68      
1987 09 08 0325 0356 S 23 W 06 F    55 C  13
1987 09 08 0454 0457 S 24 W 04 F    87      
1987 09 08 0457 0603 S 27 W 26 N   104      
1987 09 08 0520 0602 S 26 W 25 N    78      
1987 09 08 0606 0617 S 24 W 04 F    87      
1987 09 08 0736 0800 S 24 W 11 B    68      
1987 09 08 0823 0849 S 23 W 10 N    74 C  19
1987 09 08 0824 0834 S 24 W 11 F    87      
1987 09 08 0837 0854 S 26 W 09 N    87      
1987 09 08 0841 0859 S 24 W 10 N   112      
1987 09 08 0836 0859 S 28 W 29 N    84      
1987 09 08 0837 0920 S 27 W 31 F    30      
1987 09 08 1042 1102 S 24 W 13 F    30      
1987 09 08 1049 1100 S 24 W 12 F            
1987 09 08 1319 1335 S 24 W 15 N    40      
1987 09 08 1323 1327 S 24 W 10 F    16      
1987 09 08 1619 1622 S 25 W 11 F    33      
1987 09 08 1619 1625 S 24 W 13 F    31      
1987 09 08 1757 1806 S 24 W 12 F    11      
1987 09 08 1758 1809 S 22 W 15 F    21      
1987 09 08 1829 1848 S 20 W 17 F    32      
1987 09 09 0615 0649 S 20 W 25 N    78      
1987 09 09 0615 0655 S 22 W 23 F    87      
1987 09 09 0620 0620 S 20 W 26 F    40      
1987 09 09 1145 1148 S 25 W 20 N    33      
1987 09 09 1146 1148 S 25 W 20 F    10      
1987 09 09 1802 1816 S 23 W 28 F    10 C  10
1987 09 09 1932 1938 S 23 W 28 F    14      
1987 09 10 0727 0743 S 20 W 37 F    45      
1987 09 10 0732 0739 S 20 W 36 N    87      
1987 09 10 0853 0916 S 22 W 38 F    32      
1987 09 10 0907 0910 S 23 W 37 F    24      
1987 09 10 1117 1127 S 20 W 40 F    10      
1987 09 10 1154 1308 S 27 E 26 F    65      
1987 09 10 1154 1223 S 27 E 25 N   197      
1987 09 10 1225 1232 S 27 E 25 N    31      
1987 09 10 1246 1249 S 21 W 39 F    12      
1987 09 10 1413 1437 S 23 W 41 F    16      
1987 09 10 1414 1434 S 22 W 41 F    14      
1987 09 10 1504 1533 S 22 W 44 F    19      
1987 09 10 1509 1534 S 22 W 44 F    19      
1987 09 10 1806 1822 S 21 W 45 F    11      
1987 09 10 2111 2133 S 26 W 63 F    24      
1987 09 10 2219 2306 S 21 W 46 N    58 C  17
1987 09 10 2221 2235 S 22 W 47 F    29 C  17
1987 09 11 0334 0354 S 35 E 63 F    20      
1987 09 11 0418 0429 S 24 W 50 N   177 C  16
1987 09 11 0639 0650 N 28 E 44 N    43      
1987 09 11 0639 0650 N 28 E 44 F    30      
1987 09 11 0640 0645 N 21 E 48 F            
1987 09 11 0923 0932 S 22 W 51 F            
1987 09 11 1018 1027 S 25 W 53 F    16      
1987 09 11 1041 1102 S 24 W 02 N    24      
1987 09 11 1200 1217 S 23 W 54 F    13      
1987 09 11 1804 1844 S 21 W 55 F    56 C  16
1987 09 11 1848 2023 S 25 E 09 N   155 C  12
1987 09 11 2031 2057 N 28 E 39 F    15      
1987 09 11 2033 2047 N 29 E 39 F    11      
1987 09 11 2033 2047 S 20 W 58 F    27      
1987 09 11 2156 2231 S 24 W 59 N   138 C  75
1987 09 11 2158 2212 S 24 W 62 F    66 C  75
1987 09 11 2356 2410 S 32 E 53 N    80      
1987 09 12 0551 0603 S 32 E 50 F    40      
1987 09 12 0634 0701 S 23 W 63 N   129 C  12
1987 09 12 0635 0646 S 27 W 68 F   105      
1987 09 12 0638 0704 S 22 W 60 B            
1987 09 12 0643 0707 S 23 W 62 F   142 C  12
1987 09 12 1026 1054 S 24 W 03 N    71      
1987 09 12 1027 1037 S 25 W 03 F    22      
1987 09 12 1030 1040 S 26 W 03 N    80      
1987 09 12 1202 1220 S 23 W 67 N   160      
1987 09 12 1204 1221 S 23 W 66 F   126 C  10
1987 09 12 1221 1305 S 23 W 68 F    20      
1987 09 12 1507 1516 S 24 W 67 F    31      
1987 09 12 1635 1645 S 23 W 66 F    13      
1987 09 12 2006 2035 S 20 W 61 F    15      
1987 09 12 2334 2346 S 22 W 72 F    22      
1987 09 12 2346 2352 S 21 W 73 F    28      
1987 09 13 0052 0100 S 23 W 70 F    11      
1987 09 13 0358 0415 S 25 W 74 F    20      
1987 09 13 0501 0527 S 30 W 34 F    68      
1987 09 13 0650 0656 S 24 W 76 F    23      
1987 09 13 1142 1148 S 30 W 12 F    11      
1987 09 13 1252 1303 N 27 E 15 F            
1987 09 13 1657 1700 S 34 E 31 F    19      
1987 09 13 2006 2024 S 35 E 28 F    23      
1987 09 13 2118 2125 S 35 E 28 F    13      
1987 09 14 0024 0044 S 34 E 24 B   116 C  67
1987 09 14 0030 0055 S 34 E 23 B    52 C  67
1987 09 14 0418 0444 S 34 E 21 F   150      
1987 09 14 0519 0534 S 46 E 11 F    26      
1987 09 14 0633 0651 S 34 E 20 N    92      
1987 09 14 0635 0653 S 32 E 20 F    90      
1987 09 14 0636 0700 S 34 E 20 B    56      
1987 09 14 0730 0810 S 35 E 20 B    56      
1987 09 14 0735 0755 S 34 E 19 N            
1987 09 14 0736 0749 S 33 E 21 F    20      
1987 09 14 0752 0800 S 34 E 18 F            
1987 09 14 1125 1128 S 34 E 18 N    31      
1987 09 14 1127 1145 S 35 E 17 N            
1987 09 14 1334 1345 S 34 E 16 F    10      
1987 09 14 1335 1336 S 35 E 18 F    10      
1987 09 15 0102 0120 S 33 E 09 F   100      
1987 09 15 0158 0247 N 28 W 06 N   320      
1987 09 15 0214 0240 N 28 W 04 B   321      
1987 09 15 0222 0258 N 28 W 04 B   157      
1987 09 15 0453 0555 S 27 W 34 N   260      
1987 09 15 0458 0517 S 27 W 34 N   241      
1987 09 15 0501 0534 S 35 E 08 F    58      
1987 09 15 0509 0528 S 35 E 07 N    79      
1987 09 15 0855 0914 S 31 W 04 F    10      
1987 09 15 1031 1056 S 32 E 08 F    10      
1987 09 15 1432 1442 S 33 E 04 F    10      
1987 09 16 0330 0404 S 28 W 46 F   200      
1987 09 16 0740 0746 S 34 W 04 F    40      
1987 09 16 0741 0741 S 35 W 06 F    28      
1987 09 17 0824 0845 S 32 W 21 F    10      
1987 09 17 0851 0947 S 27 E 70 N   231      
1987 09 17 0851 0955 S 26 E 70 N   337      
1987 09 17 0854 0921 S 25 E 72 F   105      
1987 09 17 0920 0955 S 34 E 80 F    56      
1987 09 17 1031 1113 S 30 E 70 F    20      
1987 09 17 1105      S 37 W 18 F    31      
1987 09 17 1109 1125 S 33 W 21 N    56      
1987 09 17 1114 1126 S 33 W 19 F    10      
1987 09 17 1615 1655 S 29 E 68 F   150      
1987 09 17 2008 2026 S 27 E 64 F    53 C  18
1987 09 17 2009 2027 S 27 E 64 F       C  18
1987 09 18 0720 0730 S 33 W 29 F    10      
1987 09 18 1529 1620 S 30 W 28 F    20      
1987 09 18 2237 2251 S 34 W 37 F   100      
1987 09 18 0816 0820 N 12 E 71 F            
1987 09 19 0018 0019 S 33 W 37 F    12      
1987 09 19 0252 0350 S 26 E 47 B   120      
1987 09 19 0813 0822 S 31 W 02 F    10      
1987 09 19 1042 1100 N 13 E 54 N    30      
1987 09 19 1836 1853 S 30 W 14 F    28      
1987 09 19 1836 1853 S 30 W 13 F    24      
1987 09 19 1944 2023 S 30 W 15 F    24      
1987 09 19 2000 2007 S 34 W 44 F    34      
1987 09 19 2035 2112 S 31 W 16 F    15      
1987 09 19 2254 2300 S 33 W 46 F    34      
1987 09 20 0650 0700 S 34 W 50 F    79      
1987 09 20 0654 0736 S 32 W 21 N    56      
1987 09 20 0755 0840 S 28 E 33 N    92      
1987 09 20 0755 0840 S 27 E 33 N    64      
1987 09 20 0758 0839 S 27 E 33 F    29      
1987 09 20 0825 0859 S 29 E 33 N   169      
1987 09 20 1340 1426 S 31 W 26 F    18      
1987 09 20 1739 1749 S 31 W 24 F    12      
1987 09 20 1858 1927 S 35 W 56 F    18      
1987 09 20 2329 2338 S 33 W 57 F    14      
1987 09 21 0153 0213 S 34 W 65 B   120 M  13
1987 09 21 0154 0215 S 35 W 67 N   140      
1987 09 21 0157 0214 S 35 W 64 B   105 M  13
1987 09 21 1358 1420 S 34 W 69 N    60 C  12
1987 09 21 1408 1413 S 38 W 69 F    26 C  12
1987 09 21 1648 1654 S 35 W 68 F    36      
1987 09 21 1730 1740 N 12 E 25 F    17      
1987 09 21 1818 1826 S 32 W 60 F    17      
1987 09 21 1959 2004 S 34 W 70 F    29      
1987 09 22 0656 0700 S 31 W 46 N    24      
1987 09 22 2338 2345 S 32 W 90 N            
1987 09 23 1517 1527 S 22 E 58 F    17      
1987 09 26 0900 0935 N 14 W 34 N   112      
1987 09 27 1403 1414 S 20 E 90 N    49      
1987 09 27 1914 1919 S 27 W 66 F    17      
1987 09 28 0553 0747 S 23 E 25 N    68      
1987 09 28 0555 0602 S 21 E 70 N    31      
1987 09 28 1234 1240 N 28 E 90 N            
1987 09 29 0704 0722 N 31 E 85 N   126      
1987 09 29 0712 0723 N 30 E 83 F    76      
1987 09 29 1105 1119 N 29 E 77 F    23      
1987 09 29 1746 1812 S 27 E 72 F    21      
1987 09 30 0708 0718 S 25 E 53 F    19      
1987 09 30 0840 0846 S 23 E 62 F            
1987 09 30 1127 1130 S 22 E 46 F    16      
1987 10 01 0636 0651 S 25 E 45 N   161      
1987 10 02 1721 1814 S 24 E 29 F    33      
1987 10 03 1242 1247 N 34 E 70 F    11      
1987 10 03 1300 1324 N 30 E 28 F    14      
1987 10 03 1551 1724 S 22 E 14 N   122 C  18
1987 10 03 1653 1704 S 21 E 13 N   103      
1987 10 03 1742 1748 N 33 E 23 F    12      
1987 10 04 0509 0517 N 31 E 23 N    32      
1987 10 04 0845 0856 N 28 E 17 F            
1987 10 04 1504 1614 N 30 E 15 F    14      
1987 10 04 1621 1627 N 29 E 13 F    27      
1987 10 04 1728 1820 N 31 E 12 F    14      
1987 10 04 1846 1852 N 29 E 10 F    44      
1987 10 04 2127 2142 N 29 E 12 F    17      
1987 10 04 2212 2231 N 29 E 09 F    28      
1987 10 05 0258 0312 N 36 E 42 F    60      
1987 10 05 0644 0656 N 30 E 06 F    59      
1987 10 05 0656 0715 N 30 E 08 F    40      
1987 10 05 0803 0826 N 35 E 37 F    29      
1987 10 05 0805 0809 N 37 E 36 N    80      
1987 10 05 1600 1623 N 34 E 32 N    40      
1987 10 05 1611 1620 N 33 E 30 N    40      
1987 10 05 2131 2155 N 37 E 29 B   160      
1987 10 05 2133 2148 N 35 E 32 B    55 C  15
1987 10 06 1220 1229 N 34 E 24 B    21      
1987 10 06 1225 1252 S 24 E 90 N            
1987 10 06 1318 1323 N 34 E 09 F    10      
1987 10 06 1731 1749 N 33 E 20 F    19      
1987 10 06 1731 1749 N 32 E 22 F    20      
1987 10 06 1836 1906 N 32 E 20 F    20      
1987 10 06 1903 1908 N 31 W 14 F    16      
1987 10 06 2104 2206 N 33 E 21 F    30      
1987 10 06 2121 2206 N 33 E 22 F    47      
1987 10 07 0041 0115 N 37 E 17 F   100      
1987 10 07 0239 0306 N 34 E 14 F   160      
1987 10 07 0633 0753 N 31 E 17 F    87      
1987 10 07 0850 0913 N 33 E 14 N    82 C  12
1987 10 07 0852 0916 N 34 E 15 N    52 C  12
1987 10 07 0855 0920 N 33 E 16 N   129      
1987 10 07 1045 1056 N 28 W 17 F    20      
1987 10 07 1056 1102 N 28 W 27 F    20      
1987 10 07 1157 1225 N 32 E 11 N    55      
1987 10 07 1157 1220 N 32 E 11 B    62      
1987 10 07 2214 2228 N 30 W 28 F    23      
1987 10 07 2214 2228 N 31 W 30 F    18      
1987 10 08 0150 0154 N 32 W 32 F    36      
1987 10 08 0808 0817 S 36 E 89 F            
1987 10 08 0938 0950 N 21 W 25 F    20      
1987 10 08 1018 1033 N 21 W 24 F    16      
1987 10 08 1020 1037 N 22 W 24 F            
1987 10 08 1516 1530 N 28 W 40 F    20      
1987 10 08 1606 1620 S 25 E 50 F    20      
1987 10 08 1613 1626 S 25 E 50 F    11      
1987 10 08 2056 2101 N 29 W 47 F    11      
1987 10 09 0221 0244 N 33 W 08 F    90      
1987 10 09 0227 0234 N 32 W 09 F    14      
1987 10 09 0606 0711 N 30 W 49 F    70      
1987 10 09 0706 1030 S 25 E 15 F    20      
1987 10 09 1143 1146 N 20 E 80 F    20      
1987 10 09 2237 2251 N 30 W 53 F    30      
1987 10 10 0802 0806 N 26 E 90 F            
1987 10 10 1225 1245 S 23 W 85 F    64      
1987 10 10 1229 1245 S 25 W 79 F    15      
1987 10 10 1230 1301 N 29 W 59 F    75      
1987 10 10 1336 1342 N 28 W 62 F    21      
1987 10 11 2131 2143 N 20 E 57 F    14      
1987 10 12 1030 1045 N 18 E 48 B   169      
1987 10 12 1047 1058 S 42 W 90 F            
1987 10 12 1128 1135 S 43 W 90 F            
1987 10 12 1130 1148 S 22 W 90 N            
1987 10 12 2126 2142 N 22 E 43 F    63      
1987 10 12 2147 2245 N 22 E 42 N    36      
1987 10 12 2337 2341 N 22 E 40 F    19      
1987 10 13 0447 0526 S 35 E 20 B   130      
1987 10 13 0810 0824 N 26 W 33 F    10      
1987 10 13 1337 1351 N 19 E 34 F    15      
1987 10 13 2127 2159 N 18 E 29 F    65      
1987 10 14 1115 1132 S 35 E 04 N    68      
1987 10 14 1115 1135 S 34 E 06 F    20      
1987 10 14 1245 1312 S 23 E 03 F    16      
1987 10 14 1632 1638 S 23 E 01 F    24      
1987 10 14 1632 1651 S 23 E 01 F    34      
1987 10 14 1655 1703 N 20 E 13 F    17      
1987 10 14 1759 1815 N 23 E 12 F    14      
1987 10 15 0541 0545 N 23 E 07 N   140      
1987 10 15 0653 0720 N 21 E 03 F   131      
1987 10 15 0900 0954 N 23 E 13 N   129      
1987 10 15 0906 0927 N 22 E 10 N    92 C  13
1987 10 15 0929 0952 S 21 W 13 F    38      
1987 10 15 0937 0942 S 22 W 14 F    21      
1987 10 15 1108 1108 N 19 E 06 B   141      
1987 10 15 1108 1129 N 22 E 07 B    77 C  45
1987 10 15 1122 1122 N 17 E 06 B    56      
1987 10 15 1140 1148 S 31 E 90 N            
1987 10 15 1318 1326 S 26 W 42 F    13      
1987 10 15 1716 1724 S 26 W 42 F    35      
1987 10 15 1750 1805 S 26 W 43 F    42      
1987 10 15 1904 1917 N 22 E 00 F    16      
1987 10 15 2016 2056 S 23 W 14 F    32      
1987 10 15 2021 2032 S 26 W 43 F    15      
1987 10 15 2027 2035 N 22 W 02 F    11      
1987 10 15 2057 2126 N 22 E 00 F    48 C  10
1987 10 15 2057 2134 N 22 W 02 F    71 C  10
1987 10 15 2152 2217 S 23 W 17 F    25      
1987 10 15 2253 2337 N 18 E 01 F   269      
1987 10 15 2349 2437 N 17 E 01 F   269      
1987 10 16 0614 0621 N 22 W 01 F    70      
1987 10 16 0916 0923 S 24 W 24 F    21 C  21
1987 10 16 0950 1022 N 21 W 10 B   205 M  17
1987 10 16 0951 1010 N 22 W 10 B   253      
1987 10 16 0951 1013 N 21 W 10 N            
1987 10 16 0959 1005 N 19 W 13 B   169      
1987 10 16 1030 1035 N 23 W 07 F    21      
1987 10 16 1120 1120 N 23 W 09 B   112      
1987 10 16 1140 1148 S 31 E 90 N            
1987 10 16 1247 1305 N 21 W 04 N    31      
1987 10 16 1358 1551 N 17 W 07 F    96      
1987 10 16 1526 1549 S 22 W 24 F    12      
1987 10 16 1546 1607 S 28 W 57 F    28      
1987 10 16 1803 1809 N 21 W 11 F    18      
1987 10 16 1840 1900 N 24 W 10 F    22      
1987 10 16 1852 1908 N 23 W 13 F    26      
1987 10 16 2031 2105 N 17 W 12 N   100      
1987 10 16 2039 2107 S 22 W 25 F    21      
1987 10 16 2256 2314 S 27 W 58 F    14      
1987 10 17 0646 0713 N 20 W 02 B   204      
1987 10 17 0658 0707 S 26 W 50 B   102      
1987 10 17 0700 0705 S 25 W 50 N            
1987 10 17 0726 0732 S 23 W 33 F            
1987 10 17 0813 0820 S 24 W 32 F            
1987 10 17 0852 0903 N 23 W 02 F    61      
1987 10 17 1218 1228 N 22 W 19 N    55      
1987 10 17 1222 1228 N 22 W 21 B    99      
1987 10 17 1221 1301 S 25 W 36 B   143 M  14
1987 10 17 1222 1258 S 24 W 33 N            
1987 10 17 1343 1351 S 24 W 34 N            
1987 10 17 1344 1410 N 18 W 20 N   119 C  16
1987 10 17 1348 1420 N 20 W 20 B   220      
1987 10 17 1552 1558 S 23 W 36 F    40      
1987 10 17 2008 2033 N 21 W 30 F   160      
1987 10 17 2031 2043 N 21 W 25 F   140      
1987 10 17 2030 2047 S 26 W 37 F    21      
1987 10 17 2049 2104 N 15 W 24 F    13      
1987 10 17 2055 2117 S 25 W 73 F    25      
1987 10 17 2108 2121 N 22 W 26 F    16      
1987 10 17 2142 2155 S 25 W 73 F    17      
1987 10 17 2157 2233 S 26 W 75 F    36      
1987 10 17 2206 2234 S 28 W 40 F   140      
1987 10 17 2235 2246 S 24 W 42 F    72 C  77
1987 10 17 2240 2245 S 29 W 67 F    17      
1987 10 17 2253 2347 S 26 W 81 N    62      
1987 10 17 2254 2411 S 26 W 74 F    27      
1987 10 17 2354 2403 S 23 W 44 N    56      
1987 10 17 2355 2403 S 23 W 44 F    31      
1987 10 18 0115 0130 S 25 W 72 F            
1987 10 18 0525 0550 N 22 W 27 N    48 C  11
1987 10 18 0607 0621 S 26 W 43 F    60      
1987 10 18 0656 0710 S 25 W 47 F    60      
1987 10 18 0726 0743 S 26 W 87 F            
1987 10 18 0743 0750 N 26 W 31 F            
1987 10 18 0755 0815 S 26 W 87 F            
1987 10 18 0831 0844 S 26 W 87 F            
1987 10 18 0835 0846 N 24 W 30 F    48      
1987 10 18 0835 0845 N 23 W 29 F    48      
1987 10 18 0855 0908 S 27 W 88 N            
1987 10 18 0901 0915 S 24 W 90 F    84      
1987 10 18 0940 0955 S 23 W 76 N    48      
1987 10 18 1006 1034 S 25 W 46 N   112      
1987 10 18 1035 1044 S 26 W 88 N            
1987 10 18 1043 1055 S 32 E 73 N            
1987 10 18 1547 1556 S 25 W 87 F    19      
1987 10 18 0815 0837 S 24 W 72 F    48      
1987 10 18 1627 1631 S 26 W 48 F    17      
1987 10 18 1635 1640 S 25 W 87 F    13      
1987 10 18 1748 1804 S 25 W 50 F    30 C  10
1987 10 18 1751 1758 S 25 W 51 F    11 C  10
1987 10 18 1839 1847 S 25 W 52 F    11      
1987 10 18 2013 2017 S 24 W 84 F    20      
1987 10 18 2013 2017 S 26 W 50 F    17      
1987 10 18 2056 2100 S 24 W 53 F    29      
1987 10 18 2121 2133 S 24 W 85 F    35      
1987 10 19 0021 0022 S 25 W 90 F            
1987 10 19 0826 0834 S 27 W 55 N    64      
1987 10 19 0830 0840 S 27 W 58 F            
1987 10 19 0936 0941 S 25 W 57 B    56      
1987 10 19 1108 1116 S 27 W 59 F            
1987 10 19 1645 1709 S 25 W 62 F    22      
1987 10 19 1836 1851 S 26 W 61 F    22      
1987 10 19 1859 1936 N 20 W 47 F    42      
1987 10 19 2335 2352 S 26 W 65 F    62      
1987 10 19 2338 2348 S 26 W 66 F    95      
1987 10 20 0004 0016 S 26 W 65 F    71 C  23
1987 10 20 0005 0018 S 27 W 70 F    57 C  23
1987 10 20 0730 0752 S 43 E 23 N            
1987 10 20 0743 0747 S 35 E 46 F            
1987 10 20 0844 0852 S 26 W 71 N   174      
1987 10 20 0844 0852 S 25 W 72 N            
1987 10 20 0943 0955 S 25 W 72 F            
1987 10 20 1204 1222 S 42 E 19 F    20      
1987 10 20 1812 1819 N 21 W 66 F    20      
1987 10 20 2137 2140 N 21 W 70 F    17      
1987 10 20 2206 2216 S 32 E 40 F    14      
1987 10 21 0020 0039 N 23 W 69 N    80      
1987 10 21 0121 0232 N 23 W 68 N    60      
1987 10 21 0850 0855 N 17 W 75 F            
1987 10 21 1010 1030 S 23 W 90 N    84      
1987 10 21 2106 2116 S 42 E 04 F    19      
1987 10 21 2106 2116 S 43 E 03 F    20      
1987 10 22 2020 2035 S 35 E 12 F    38      
1987 10 23 0758 0804 N 24 W 32 F            
1987 10 23 0804 0814 S 47 W 11 F            
1987 10 24 0946 0953 S 45 W 27 N    56      
1987 10 24 1308 1313 N 31 E 77 F    19      
1987 10 24 1432 1451 N 31 E 73 F    13      
1987 10 24 1513 1520 N 30 E 75 F    12      
1987 10 25 0604 0605 N 31 E 71 N   161      
1987 10 25 1023 1041 S 24 W 60 F    26      
1987 10 25 1755 1811 N 35 E 66 F    68 C  11
1987 10 25 1928 1945 N 32 E 61 F    12      
1987 10 26 2142 2154 N 31 E 51 F    25      
1987 10 27 0836 0840 N 26 E 43 F            
1987 10 27 0853 0900 S 21 E 62 F            
1987 10 27 0958 1006 S 21 E 62 F            
1987 10 28 0125 0312 S 25 E 60 N   150      
1987 10 28 0231 0308 S 25 E 59 N    40      
1987 10 28 0733 0754 S 21 W 17 F            
1987 10 28 1742 1751 S 22 W 19 F    18      
1987 10 29 2309 2313 S 22 W 40 F    14      
1987 10 30 0848 0910 S 21 E 18 F    60      
1987 10 30 0915 0922 N 27 E 06 F    20      
1987 10 30 1145 1151 S 21 W 51 F    10      
1987 10 30 1220 1231 N 30 E 07 F    56      
1987 10 30 1214 1231 N 31 E 09 F    56      
1987 10 30 1320 1350 S 21 W 52 F    30      
1987 10 30 1448 1500 N 28 E 05 N    80      
1987 10 30 1510 1535 N 31 E 01 F    10      
1987 10 30 1605 1618 S 25 E 24 F    11      
1987 10 30 1634 1644 S 25 W 49 F    14      
1987 10 30 2003 2047 S 22 W 50 F    39      
1987 10 30 2127 2215 N 30 W 04 F    95      
1987 10 30 2301 2304 N 34 E 04 F    15      
1987 10 31 0858 0903 S 23 W 56 F    14      
1987 11 01 0351 0416 S 24 W 04 F    30      
1987 11 01 0858 0912 S 20 W 73 F    18      
1987 11 01 0904 0912 S 21 W 73 F    18      
1987 11 01 1031 1053 S 21 W 71 F            
1987 11 01 1125 1145 S 20 W 06 N   112      
1987 11 01 1726 1746 S 22 W 76 F       C  12
1987 11 01 1845 1855 S 22 W 75 F            
1987 11 01 1938 1946 S 22 E 81 F       C  17
1987 11 01 2111 2121 N 30 W 37 F    60      
1987 11 01 2137 2145 S 20 E 78 F    40      
1987 11 01 2211 2217 S 20 E 78 F   100      
1987 11 01 2232 2234 S 20 E 78 F   100      
1987 11 01 2350 2354 S 20 E 78 F    50      
1987 11 02 0027 0045 N 30 W 31 F    80      
1987 11 02 0120 0128 N 31 W 26 F    12      
1987 11 02 0133 0147 S 20 E 77 F    50      
1987 11 02 0157 0227 S 27 E 70 F    60      
1987 11 02 0236 0243 S 20 E 76 F    50      
1987 11 02 0243 0304 S 24 E 67 N    80      
1987 11 02 0253 0300 S 20 E 76 F    30      
1987 11 02 0311 0327 S 20 E 76 N    60      
1987 11 02 0411 0428 S 48 E 81 F    40      
1987 11 02 0427 0454 S 39 W 43 F    30      
1987 11 02 0518 0537 S 23 W 15 F   174      
1987 11 02 0707 0716 S 20 E 75 F    60      
1987 11 02 1013 1040 S 21 E 75 N            
1987 11 02 1317 1342 S 22 E 72 F    32 C  10
1987 11 02 1317 1324 N 30 W 43 F    13      
1987 11 02 1347 1435 N 28 W 36 F    66      
1987 11 02 1357 1405 N 29 W 35 F            
1987 11 02 1355 1421 S 23 E 65 B    57 C  70
1987 11 02 1459 1510 S 19 E 70 F    23 C  10
1987 11 02 1655 1702 N 30 W 45 N    31      
1987 11 02 1813 1840 S 23 E 57 B   133 C  78
1987 11 02 2032 2107 N 29 W 38 F    55 C  15
1987 11 02 2041 2106 N 28 W 41 N   100      
1987 11 02 2212 2217 S 21 E 66 F    20      
1987 11 03 0216 0231 N 29 W 53 F   108      
1987 11 03 0359 0420 S 19 E 65 F   140      
1987 11 03 0509 0521 N 28 W 43 F    21      
1987 11 03 0705 0725 N 30 W 43 F    28 C  10
1987 11 03 0726 0806 N 29 W 46 N    52      
1987 11 03 0727 0753 N 30 W 43 F    24      
1987 11 03 0906 0953 N 30 W 44 F    70 C  41
1987 11 03 0920 0945 N 29 W 50 N   400      
1987 11 03 1017 1045 N 32 W 51 F    20      
1987 11 03 1113 1137 S 23 E 58 N    60      
1987 11 03 1213 1236 N 34 W 50 N    35      
1987 11 03 1220 1236 N 32 W 51 N    40      
1987 11 03 1308 1332 N 32 W 47 N    50      
1987 11 03 1352 1404 N 31 W 52 N    45      
1987 11 03 1355 1400 N 28 W 56 F    46      
1987 11 03 1621 1628 N 29 W 48 F    20      
1987 11 03 1626 1629 N 30 W 49 F    14      
1987 11 03 1637 1644 S 19 E 55 F    11      
1987 11 03 1701 1717 N 29 W 55 F    29      
1987 11 03 1746 1754 S 21 E 63 F    14      
1987 11 03 1703 1838 N 29 W 51 F    20 C  10
1987 11 03 1817 1830 N 29 W 51 F    11      
1987 11 03 1946 2008 S 22 W 43 F    30      
1987 11 03 2112 2121 S 19 E 51 F    17      
1987 11 03 2203 2211 N 30 W 59 F    37      
1987 11 04 0121 0141 S 23 E 40 N   118      
1987 11 04 0133 0135 S 23 E 40 N   115      
1987 11 04 0221 0225 N 32 W 63 N    99      
1987 11 04 0225 0235 S 21 E 56 N    33      
1987 11 04 0536 0540 N 30 W 63 F    14      
1987 11 04 0800 0811 N 30 W 66 F    24      
1987 11 04 0804 0809 N 31 W 66 F    13      
1987 11 04 0927 0958 S 27 E 47 N    60      
1987 11 04 0940 1000 N 30 W 63 N    30      
1987 11 04 1033 1143 S 22 E 43 N    70      
1987 11 04 1043 1122 S 26 E 48 N    60      
1987 11 04 1123 1241 S 20 W 55 F    20      
1987 11 04 1145 1202 N 32 W 68 F    20      
1987 11 04 1217 1228 S 20 E 49 F    20      
1987 11 04 1232 1354 N 17 E 75 F    34      
1987 11 04 1308 1312 N 18 E 75 F    11      
1987 11 04 1713 1746 N 28 W 68 F    58 M  13
1987 11 04 1714 1751 N 28 W 69 F    96 M  13
1987 11 04 1912 1925 S 22 E 46 F    22 C  11
1987 11 04 2103 2119 N 30 W 72 F    31      
1987 11 04 2316 2350 N 27 W 68 N   197 M  15
1987 11 04 2323 2332 N 27 W 62 F    54 M  15
1987 11 05 0014 0035 S 21 E 40 N    35 C  30
1987 11 05 0417 0446 N 28 W 81 F    80      
1987 11 05 0454 0530 N 28 W 81 B   260      
1987 11 05 0758 0812 S 24 E 42 F    30      
1987 11 05 0753 0837 S 20 E 33 N    62      
1987 11 05 0823 0829 S 20 E 31 F    23      
1987 11 05 0859 0905 N 30 W 73 F    40      
1987 11 05 0942 1100 S 23 E 40 B            
1987 11 05 0942 1100 S 23 E 40 B   180      
1987 11 05 0956 1028 S 21 E 35 F    39 C  65
1987 11 05 1512 1531 S 21 E 19 N    44      
1987 11 05 1512 1534 S 20 E 18 B    70      
1987 11 05 2334 2339 N 30 W 77 F    80 M  21
1987 11 05 2334 2350 N 30 W 79 F   134      
1987 11 06 0211 0217 S 23 E 25 F    12      
1987 11 06 0534 0539 S 23 E 24 F    21      
1987 11 06 0740 0829 S 23 E 22 B    61 C  14
1987 11 06 0740 0840 S 23 E 23 B    60      
1987 11 06 0803 0826 S 24 E 22 B   112      
1987 11 06 1030 1108 N 16 E 50 N    30      
1987 11 06 1126 1154 S 20 W 90 F    10      
1987 11 06 1126 1154 S 20 W 90 F            
1987 11 06 1104 1440 S 23 E 20 B   220      
1987 11 06 1143 1146 S 24 E 18 N    68      
1987 11 06 1305 1319 S 22 E 19 N    24 C  11
1987 11 06 1750 1813 S 26 E 05 F    17      
1987 11 06 1949 2206 S 27 E 61 N   277 C  43
1987 11 06 2005 2014 N 17 E 43 F    15      
1987 11 07 0940 0958 S 22 E 13 F    70      
1987 11 07 1146 1155 S 26 E 50 N    57      
1987 11 07 1146 1156 S 24 E 51 B    70      
1987 11 07 1149 1153 S 26 E 50 F            
1987 11 07 1238 1250 S 26 E 05 N    80      
1987 11 07 1240 1241 S 28 E 06 B   112      
1987 11 07 1352 1403 S 26 E 04 F    40      
1987 11 07 1459 1537 S 23 E 49 N   127 C  10
1987 11 07 1500 1536 S 23 E 47 N   132      
1987 11 07 2028 2045 N 31 W 90 N   165 M  12
1987 11 07 2144 2201 S 30 E 50 F    22      
1987 11 09 0651 0710 N 31 W 70 F    87      
1987 11 10 0130 0248 S 40 W 87              
1987 11 10 0213 0243 N 15 W 08 F            
1987 11 10 1427 1435 N 17 W 10 F    15      
1987 11 11 0528 0540 N 32 W 64 F    22      
1987 11 11 0538 0546 N 32 W 63 F    23      
1987 11 11 0624 0637 N 32 W 64 F    20      
1987 11 11 0718 0750 S 27 E 90 N            
1987 11 11 0825 0855 N 32 W 66 F   120      
1987 11 11 0930 0935 S 27 E 90 F            
1987 11 11 1229 1330 N 23 E 12 F    70      
1987 11 11 1606 1617 N 31 W 69 F    30      
1987 11 11 1720 1726 S 26 E 88 F            
1987 11 11 1721 1725 S 25 E 88 F    18      
1987 11 11 1822 1838 S 26 E 88 F            
1987 11 11 1823 1847 S 25 E 86 F    55      
1987 11 11 1938 1942 S 25 E 85 F    31      
1987 11 11 1953 2010 S 25 E 88 F    11      
1987 11 11 2017 2029 S 25 E 84 F    12      
1987 11 11 2023 2029 S 26 E 85 F            
1987 11 11 2209 2222 S 25 E 84 F    34      
1987 11 11 2352 2356 S 26 E 88 F    19      
1987 11 12 0955 1020 S 29 E 52 N    56      
1987 11 12 1303 1319 S 22 E 74 F    19      
1987 11 12 1504 1548 N 29 W 82 F    16      
1987 11 12 1534 1545 N 29 W 81 F    12      
1987 11 12 1552 1624 N 30 W 76 F    22      
1987 11 12 1641 1645 S 24 E 72 F    15 C  12
1987 11 12 1717 1740 N 29 W 84 F    11      
1987 11 12 1728 1744 N 30 W 82 B    34      
1987 11 12 1750 1801 S 24 E 72 F    47 C  14
1987 11 12 1751 1800 S 24 E 73 F    47      
1987 11 12 1855 1914 S 24 E 72 F    29 C  19
1987 11 12 1927 2002 S 24 E 71 F    14 C  16
1987 11 12 1933 1946 S 26 E 69 F    19      
1987 11 12 2031 2054 S 25 E 69 F    38 C  24
1987 11 12 2133 2141 N 29 W 86 F    11      
1987 11 13 0032 0038 S 23 E 66 F    19 C  21
1987 11 13 0156 0216 S 26 E 65 F    34 C  24
1987 11 13 0202 0217 S 28 E 66 N    66      
1987 11 13 0624 0629 S 23 E 66 F    11      
1987 11 13 0827 0910 S 31 E 61 N   141      
1987 11 13 1447 1512 S 25 E 61 F    19      
1987 11 13 1903 1947 S 26 E 59 F    36 C  17
1987 11 13 1905 1944 S 26 E 61 F    30 C  17
1987 11 14 0926 0953 S 34 E 80 F    20      
1987 11 14 0935 0940 S 24 E 45 F    20      
1987 11 15 0542 0558 N 16 W 15 F    96      
1987 11 16 0025 0050 S 24 E 29 N    77 C  11
1987 11 16 0026 0050 S 24 E 30 N    67 C  11
1987 11 16 0524 0545 S 24 E 29 F    41      
1987 11 16 0526 0535 S 25 E 28 F    19      
1987 11 16 0557 0602 S 25 E 28 F    16      
1987 11 16 1901 1909 S 24 E 19 F    34      
1987 11 16 2054 2104 S 27 E 15 F    23      
1987 11 17 0045 0057 S 27 E 13 F    11      
1987 11 17 0208 0214 S 26 E 15 F   122      
1987 11 17 0210 0213 S 25 E 16 F    38      
1987 11 17 0318 0323 S 20 W 08 B    60      
1987 11 17 0919 0959 S 25 E 05 N    56      
1987 11 17 2135 2152 S 24 E 05 F    26      
1987 11 18 0315 0335 S 24 W 05 B   138 M  10
1987 11 18 0316 0330 S 24 W 05 F    57 M  10
1987 11 18 0318 0323 S 24 W 08 B    60 M  10
1987 11 18 0647 0656 S 29 E 02 B   358      
1987 11 18 1046 1135 S 23 E 55 N    86      
1987 11 18 1053 1110 S 23 E 54 N   112      
1987 11 18 1208 1214 S 24 W 08 F    20      
1987 11 18 1327 1338 S 24 W 09 B    60      
1987 11 18 1328 1424 S 22 E 54 F    40      
1987 11 18 1338 1512 S 22 E 53 F    69      
1987 11 18 1558 1631 S 21 E 54 F    46      
1987 11 18 1611 1705 S 24 W 05 F    22      
1987 11 18 1428 1732 S 22 E 48 N    36      
1987 11 18 1717 1732 S 22 E 50 F    15      
1987 11 18 1717 1726 S 25 W 09 F    11      
1987 11 18 1747 1835 S 22 E 51 F    25      
1987 11 18 1904 1918 S 24 W 10 F    24      
1987 11 18 1910 1918 S 24 W 11 F    26      
1987 11 18 1930 2041 S 20 E 51 F    31      
1987 11 18 2046 2230 S 19 E 49 F    37      
1987 11 18 2123 2143 S 26 W 08 F    38      
1987 11 18 2158 2205 S 25 W 12 F    22      
1987 11 18 2225 2233 S 24 W 15 F    48      
1987 11 18 2227 2233 S 26 W 16 F    28      
1987 11 18 2229 2233 S 25 W 12 F    14      
1987 11 18 2233 2251 S 19 E 49 F    12      
1987 11 19 0106 0123 S 23 W 17 N   108 C  24
1987 11 19 0108 0119 S 22 W 19 B   168 C  24
1987 11 19 0109 0122 S 24 W 18 F    19 C  24
1987 11 19 0216 0221 S 25 W 16 F    22      
1987 11 19 0413 0441 S 21 E 45 N   142 C  27
1987 11 19 0414 0446 S 22 E 44 F    33 C  27
1987 11 19 0600 0605 S 21 E 42 F    13      
1987 11 19 0738 0838 S 22 E 44 N   244 M  11
1987 11 19 0738 0834 S 21 E 45 N   314      
1987 11 19 0740 0825 S 23 E 43 B   365      
1987 11 19 0833 0859 S 24 E 47 N            
1987 11 19 0903 0916 S 25 W 18 F    96 C  29
1987 11 19 0905 0924 S 25 W 18 B   281      
1987 11 19 0911 0922 S 24 E 45 F            
1987 11 19 0922 0940 S 21 E 45 N    87      
1987 11 19 1441 1551 S 20 E 40 N    42 C  26
1987 11 19 1503 1523 S 25 W 20 F    11 C  26
1987 11 19 1538 1546 S 26 W 20 F    17      
1987 11 19 1602 1645 S 17 E 40 N    69 C  21
1987 11 19 1618 1628 S 26 W 20 F    17      
1987 11 19 1623 1627 S 27 W 20 F    12      
1987 11 19 1636 1653 S 28 W 21 F    23      
1987 11 19 1826 1857 S 22 E 38 F    16      
1987 11 19 1938 1953 S 25 W 22 F    24      
1987 11 19 1938 1957 S 21 E 37 F    12      
1987 11 19 2036 2055 S 21 E 35 F    32      
1987 11 19 2037 2044 S 20 E 38 F    15      
1987 11 19 2120 2126 S 21 E 36 F    18      
1987 11 19 2135 2203 S 18 W 37 F    23      
1987 11 19 2223 2233 S 20 E 37 F    20      
1987 11 19 2254 2301 S 22 E 35 F    20      
1987 11 20 0026 0030 S 25 W 27 F    11      
1987 11 20 0052 0100 S 25 W 27 F    21 C  11
1987 11 20 0146 0210 S 25 W 28 F   117      
1987 11 20 0151 0212 S 26 W 27 N   247      
1987 11 20 0159 0213 S 20 E 34 F    26      
1987 11 20 0208 0215 S 19 E 32 F            
1987 11 20 0252 0256 S 25 W 29 N    49      
1987 11 20 0252 0303 S 22 E 32 N    49      
1987 11 20 0301 0329 S 25 W 30 N    66      
1987 11 20 0342 0416 S 24 W 30 N    33      
1987 11 20 0313 0317 S 21 E 36 F    21      
1987 11 20 0412 0451 S 23 E 36 N   200      
1987 11 20 0425 0455 S 22 E 35 B   357      
1987 11 20 0503 0553 S 23 E 34 F            
1987 11 20 0605 0642 S 22 E 33 F    20      
1987 11 20 0628 0643 S 21 E 34 F    20      
1987 11 20 0744 0805 S 21 E 34 F    15      
1987 11 20 0808 0827 S 24 W 32 N    82      
1987 11 20 0924 1130 S 24 E 30 F    30      
1987 11 20 1131 1207 S 26 W 36 F    20      
1987 11 20 1213 1242 S 25 W 35 F    30      
1987 11 20 1250 1309 S 25 W 30 F    40      
1987 11 20 1314 1342 S 23 E 26 F    40      
1987 11 20 1741 1756 S 22 E 28 F    44 C  15
1987 11 20 1941 1957 S 22 E 27 F    24 C  13
1987 11 20 1941 1957 S 22 E 26 F    25 C  13
1987 11 20 2308 2343 S 26 W 36 F    60      
1987 11 20 2314 2320 S 21 E 25 F    11      
1987 11 20 2331 2518 S 22 E 25 N   159 M  13
1987 11 20 2332 2443 S 23 E 26 F   224      
1987 11 20 2335 2524 S 23 E 24 B   190      
1987 11 21 0233 0240 S 25 W 41 F    39      
1987 11 21 0405 0427 S 21 E 22 F    12      
1987 11 21 0619 0647 S 41 E 88              
1987 11 21 0725 0733 S 21 E 21 F    11      
1987 11 21 0907 0925 N 27 E 78 N    30      
1987 11 21 0950 0959 N 26 E 90 N    28      
1987 11 21 1205 1213 N 28 E 79 F    14      
1987 11 21 1357 1429 S 22 E 64 N    51      
1987 11 21 1410 1425 S 22 E 63 F    42      
1987 11 21 1500 1524 S 20 E 17 F    16      
1987 11 21 1532 1637 S 21 E 16 F    27      
1987 11 21 1755 1902 S 22 E 16 B   248 M  35
1987 11 21 1756 1903 S 21 E 15 B   222 M  35
1987 11 21 2150 2158 S 20 E 11 F    18      
1987 11 22 0212 0323 S 21 E 08 F    61 C  22
1987 11 22 0242 0250 S 22 E 13 F    24 C  22
1987 11 22 0224 0300 S 20 E 08 F   314      
1987 11 22 0521 0601 S 21 E 07 F    61 C  20
1987 11 22 0513 0554 S 21 E 06 N    66      
1987 11 22 0713 0753 S 20 E 06 F    83 C  12
1987 11 22 0715 0759 S 21 E 05 F    56 C  12
1987 11 22 0715 0730 S 16 E 08 F   160      
1987 11 22 1211 1250 S 20 E 01 F    21      
1987 11 22 1359 1431 S 22 E 02 F    23 C  11
1987 11 22 2200 2209 S 21 W 07 F    19      
1987 11 22 2313 2321 S 21 W 03 F    14      
1987 11 22 2313 2318 S 23 W 02 F    11      
1987 11 23 0429 0444 S 22 W 03 N   164      
1987 11 23 0515 0534 S 22 W 03 N   294 C  13
1987 11 23 0734 0749 S 23 W 10 F    61      
1987 11 23 0849 0850 S 23 W 13 N    21      
1987 11 23 1433 1446 S 34 W 23 F    28      
1987 11 23 1921 1928 S 35 W 26 F    12      
1987 11 23 1949 2014 S 21 E 31 F    17      
1987 11 23 2024 2046 N 33 E 54 F    14      
1987 11 23 2029 2035 N 33 E 54 F    16      
1987 11 24 0012 0036 S 33 W 32 F    19      
1987 11 24 0008 0032 S 33 W 34 F    20      
1987 11 24 0304 0314 S 21 E 28 F    16      
1987 11 24 0323 0327 N 31 E 46 F    13      
1987 11 24 0429 0444 S 35 W 35 B   115      
1987 11 24 0442 0524 S 23 E 28 B            
1987 11 24 0551 0611 S 27 W 79 N    16      
1987 11 24 0554 0611 N 29 E 44 B    49      
1987 11 24 0634 0701 S 23 E 28 N    82      
1987 11 24 0959 1009 S 22 E 27 N    52      
1987 11 24 1441 1511 S 22 W 23 F    55      
1987 11 24 1447 1455 S 35 W 39 F    17      
1987 11 24 1455 1459 N 32 E 41 F    15      
1987 11 24 1914 2012 N 28 E 41 F   116 C  12
1987 11 24 1940 2001 S 36 W 39 F    14      
1987 11 24 2056 2059 S 22 W 27 F    11      
1987 11 24 2215 2224 S 36 W 40 F    12      
1987 11 24 2246 2308 N 30 E 38 F    19      
1987 11 24 2249 2306 N 30 E 40 F    14      
1987 11 25 0138 0154 S 22 E 17 B   115      
1987 11 25 0949 0957 S 22 E 13 F    20      
1987 11 25 1713 1726 S 34 W 61 F    55      
1987 11 26 0138      N 29 E 20 N   164      
1987 11 26 0236      N 29 E 20 N   230      
1987 11 26 0308 0328 N 31 E 23 N   126      
1987 11 26 0308 0312 N 33 E 25 F    12      
1987 11 26 0310 0351 S 21 W 47 N   181 C  33
1987 11 26 0311 0346 S 21 W 48 F    50 C  33
1987 11 26 0422 0423 S 22 W 49 N    49      
1987 11 26 0607 0634 S 34 W 72 F    87      
1987 11 26 0724 0724 S 23 W 72 F    80      
1987 11 26 0837 0903 N 29 E 19 F    87      
1987 11 26 0852 0915 S 22 W 48 N   140      
1987 11 26 0852 0926 S 21 W 49 F   218      
1987 11 26 1110 1126 S 33 W 67 N            
1987 11 26 1200 1212 S 21 W 47 B   225      
1987 11 26 1555 1609 S 24 W 44 F    20      
1987 11 26 2243 2251 S 34 W 70 F    17      
1987 11 26 2345 2403 S 33 W 75 F    19      
1987 11 27 1322 1348 S 26 W 62 N    68      
1987 11 27 1331 1337 S 28 W 61 F    17      
1987 11 28 0715 0728 S 21 W 81 N    16      
1987 11 28 0809 0812 S 34 W 89              
1987 11 28 0951 1012 S 20 W 80 F    20      
1987 11 28 1750 1801 S 21 W 78 F    14      
1987 11 29 1602 1632 N 30 W 23 F    26 C  15
1987 11 29 1940 1952 N 28 W 26 F    35      
1987 11 30 0752 0901 N 27 W 38 F    96      
1987 11 30 0757 0954 N 25 W 02 N   109      
1987 11 30 0757 0801 N 27 W 02 F    87      
1987 12 02 0517 0523 S 23 W 27 F    15      
1987 12 03 0853 0900 N 35 E 17 F    37      
1987 12 04 0829 0840 N 29 W 01 F            
1987 12 05 1447 1453 S 23 E 10 F    14      
1987 12 05 1740 1749 S 21 E 08 F    23      
1987 12 05 1742 1753 S 23 W 77 F    13      
1987 12 06 0239 0244 S 22 E 02 F    22      
1987 12 06 0548 0608 S 21 W 03 F            
1987 12 06 0555 0600 S 22 W 00 N   294 C  37
1987 12 06 1100 1123 N 06 E 80 F    20      
1987 12 06 2312 2324 S 20 W 14 F    17      
1987 12 08 1006 1028 S 23 W 28 F    20      
1987 12 08 1247 1305 S 30 E 90 N    30      
1987 12 08 1916 1930 S 22 W 34 F    13      
1987 12 08 2027 2038 S 21 W 33 F    14      
1987 12 09 0106 0123 S 21 W 36 F    20 C  11
1987 12 09 0855 0915 S 20 W 36 F            
1987 12 09 1116 1122 N 27 E 05 N    84      
1987 12 09 1508 1513 S 22 W 44 F    12      
1987 12 09 1728 1740 S 21 W 48 F    15      
1987 12 10 1349 1500 S 20 W 55 B   130      
1987 12 12 2103 2129 S 30 E 90 F   100      
1987 12 14 2114 2138 S 23 E 64 F    54 C  18
1987 12 14 2114 2137 S 24 E 62 F    54 C  18
1987 12 15 0245 0251 S 33 E 59 F    28      
1987 12 15 0905 0914 S 36 E 57 N    79 C  11
1987 12 15 0905 0921 S 37 E 59 F            
1987 12 15 0914 0922 S 35 E 57 F    11 C  11
1987 12 15 1148 1151 S 34 E 47 N    20      
1987 12 15 1409 1418 S 34 E 60 F    10      
1987 12 15 1410 1422 S 34 E 46 N    20      
1987 12 16 0317 0323 S 35 E 47 F    18      
1987 12 16 0336 0400 S 35 E 47 F    42      
1987 12 16 0437 0442 S 35 E 47 F    56      
1987 12 16 0553 0559 S 34 E 38 F    26      
1987 12 16 1036 1055 S 34 E 55 F    50      
1987 12 16 1228 1233 S 31 E 37 F    20      
1987 12 16 1527 1546 S 34 E 43 F    12      
1987 12 16 1616 1637 S 35 E 42 F    25      
1987 12 16 2255 2333 S 36 E 52 F            
1987 12 17 0022 0030 S 33 E 37 F    16      
1987 12 17 0226 0237 S 34 E 32 N    42      
1987 12 17 0250 0255 S 33 E 43 N    58      
1987 12 17 0253 0255 S 32 E 44 N   105      
1987 12 17 0407 0423 S 36 E 09 F   120      
1987 12 17 0748 0812 S 32 E 30 F    70      
1987 12 17 0825 0850 S 34 E 29 F    10      
1987 12 17 1027 1029 S 35 E 33 F    10      
1987 12 17 1048 1055 S 32 E 23 N    50      
1987 12 17 1437 1451 N 21 E 72 F    11      
1987 12 18 0832 0847 S 43 E 38 N    84      
1987 12 19 0207 0210 S 35 E 06 F    16      
1987 12 21 0623 0644 N 22 E 26 N    32      
1987 12 21 0624 0655 S 21 W 76 N   161      
1987 12 21 1016 1034 S 25 W 80 B   112      
1987 12 21 1914 1921 S 21 W 91 F    26      
1987 12 21 1943 1957 S 19 W 89 F    78      
1987 12 21 2009 2013 S 21 W 91 F    11      
1987 12 22 0735 0808 N 20 E 12 N    16      
1987 12 22 1009 1030 N 23 E 09 F    20      
1987 12 23 0416 0541 N 23 E 03 N            
1987 12 24 1257 1318 S 34 E 90 N    20      
1987 12 24 1854 1903 S 34 E 87 F    42 C  12
1987 12 24 1854 1904 S 35 E 84 F    42 C  12
1987 12 25 0754 0824 S 34 E 87 F            
1987 12 25 0907 0935 S 34 E 87 F            
1987 12 25 1028 1050 S 34 E 86 F            
1987 12 25 1734 1743 S 32 E 69 F    23      
1987 12 25 1903 1944 S 32 E 71 F    25 C  25
1987 12 25 1921 1950 S 33 E 73 F    36      
1987 12 25 2041 2106 S 34 E 76 F    10 C  22
1987 12 25 2216 2222 S 34 E 76 F    14      
1987 12 26 0024 0033 S 34 E 76 F    18      
1987 12 26 0116 0144 S 34 E 80 N   150      
1987 12 26 0152 0224 S 34 E 75 N    92 C  46
1987 12 26 0152 0236 S 34 E 76 N    53 C  46
1987 12 26 0237 0257 S 34 E 76 F    24      
1987 12 26 0647 0704 S 34 E 82 F    87      
1987 12 26 0903 0924 S 34 E 73 F    53      
1987 12 26 0903 0915 S 34 E 70 F    31      
1987 12 26 0905 0955 S 34 E 75 N   107      
1987 12 26 0928 0933 S 32 E 76 F    16      
1987 12 26 0928 0932 S 31 E 71 F    13      
1987 12 26 1004 1012 S 34 E 61 F    30      
1987 12 26 1027 1043 S 36 E 66 F    20      
1987 12 26 1028 1046 S 37 E 74 F            
1987 12 26 1159 1216 S 34 E 60 N    40      
1987 12 26 1249 1308 S 34 E 60 N    40      
1987 12 26 1804 1827 S 33 E 66 F    40 M  18
1987 12 26 1935 2124 S 34 E 66 N   178 M  11
1987 12 26 2019 2204 S 34 E 63 N   218      
1987 12 27 0107 0113 S 33 E 62 F    20      
1987 12 27 0447 0452 S 33 E 60 F    30      
1987 12 27 0714 0732 S 34 E 62 F    61 C  55
1987 12 27 1226 1253 S 34 E 62 F    38 C  13
1987 12 27 1324 1330 S 35 E 62 F    18 C  13
1987 12 27 1420 1442 S 33 E 48 F    30      
1987 12 27 1756 1810 S 34 E 58 F    14 C  31
1987 12 27 1758 1818 S 33 E 60 N    46 C  31
1987 12 27 2126 2225 S 34 E 56 F    56 C  44
1987 12 27 2302 2309 S 34 E 58 F    15 C  11
1987 12 28 0027 0031 S 35 E 48 F    27      
1987 12 28 0148 0153 S 35 E 57 F    15 C  13
1987 12 28 0409 0432 S 33 E 50 N    42 C  18
1987 12 28 0416 0433 S 33 E 50 F    37 C  18
1987 12 28 0605 0633 S 34 E 51 N    92 C  73
1987 12 28 1420 1442 S 33 E 48 F    30 C  14
1987 12 28 1537 1554 S 36 E 50 F    54 C  11
1987 12 28 1539 1548 S 36 E 49 F    31 C  11
1987 12 28 1659 1710 S 34 E 41 F    11      
1987 12 28 1722 1757 S 34 E 48 F    19      
1987 12 28 1753 1759 S 33 E 45 F    15      
1987 12 28 1818 1825 S 34 E 45 F    11      
1987 12 28 1831 1851 S 34 E 46 N    36 C  11
1987 12 28 1833 1848 S 34 E 46 F    38 C  11
1987 12 28 2308 2335 S 34 E 43 F    22      
1987 12 29 0708 0732 S 33 E 37 F    21      
1987 12 29 1630 1658 S 34 E 31 F    25      
1987 12 29 1950 2002 S 36 E 35 F    23      
1987 12 29 2211 2216 S 34 E 28 F    25      
1987 12 29 2246 2250 S 33 E 29 F    21      
1987 12 29 2321 2352 S 34 E 32 F    60 C  17
1987 12 29 2322 2353 S 36 E 34 F    37 C  17
1987 12 30 0140 0326 S 35 E 33 N   270      
1987 12 30 0159 0235 S 38 E 34 B   145      
1987 12 30 0938 1012 S 37 E 28 N   120      
1987 12 30 1040 1052 S 32 E 16 F    20      
1987 12 30 1324 1350 S 37 E 26 B    70      
1987 12 30 1352 1400 S 31 E 15 N    20      
1987 12 30 1500 1517 S 36 E 27 F    14      
1987 12 30 1508 1528 S 35 W 43 N    44 C  10
1987 12 30 1623 1636 S 33 E 23 F    17      
1987 12 31 0227 0241 S 32 E 10 F   134      
1987 12 31 0231 0237 S 33 E 14 F    88      
1987 12 31 2153 2208 S 36 E 10 F    14      
1987 12 31 2313 2328 S 36 E 08 F    96      
