1996 01 03 0750 0806 N 09 W 06 F            
1996 01 03 0820 0836 N 10 W 07 F    20      
1996 01 03 0827 0834 N 11 W 08 F    20      
1996 01 03 1022 1046 N 10 W 07 F            
1996 01 03 1308 1404 N 11 W 08 F    60      
1996 01 03 1548 1635 N 11 W 12 F   145      
1996 01 03 1602 1607 N 10 W 10 F    16 B  28
1996 01 03 1707 1715 N 11 W 12 F    18 C  10
1996 01 05 0356 0401 N 10 W 30 F    35 C  13
1996 01 05 1446 1450 N 10 W 36 F    24      
1996 01 05 1531 1558 N 10 W 37 F    38 B  38
1996 01 05 1803 1812 S 11 W 05 F    11 B  16
1996 01 05 2017 2045 N 12 W 40 F    14      
1996 01 08 1637 1641 N 03 W 46 F    13 B  16
1996 01 31 1722 1735 N 09 W 54 F    14 B  28
1996 02 01 1317 1335 N 07 W 65 F    40 B  37
1996 02 01 1318 1338 N 07 W 63 F            
1996 02 01 1547 1552 N 08 W 67 F    18 B  23
1996 02 02 1020 1040 N 09 W 79 F            
1996 03 11 0827 0853 S 05 E 45 F    42      
1996 03 11 0831 0904 S 04 E 45 F    50      
1996 03 11 0921 0947 S 04 E 45 F    40      
1996 03 11 1153 1156 S 04 E 45 F    30      
1996 03 11 1234 1302 S 04 E 43 F            
1996 03 11 1310 1322 S 04 E 44 F    20      
1996 03 11 1310 1322 S 04 E 45 F    20      
1996 03 11 1325 1343 S 04 E 45 F    90      
1996 03 11 1345 1402 S 05 E 43 F    68      
1996 03 11 1348 1403 S 06 E 43 F    68      
1996 03 11 1611 1642 S 06 E 42 F    43 B  99
1996 03 11 1934 1946 S 07 E 39 F    12      
1996 03 12 1920 1932 S 03 E 25 F    33 B  25
1996 03 12 1921 1932 S 04 E 26 F    17 B  25
1996 03 14 0824 0829 S 05 E 02 F            
1996 03 22 1911 1918 N 07 E 14 F    12 B  45
1995 03 23 0955 1009 N 06 E 05 F            
1996 03 23 1943 1957 N 06 W 01 F    50 C  15
1995 03 26 0928 1050 N 02 E 17 F            
1996 04 04 1246 1304 S 02 W 78 F            
1996 04 17 1601 1609 N 05 W 29 F            
1996 04 20 0657 0725 N 03 W 66 F            
1996 04 20 0707 0718 N 04 W 69 F            
1996 04 20 1552 1555 S 05 W 52 F    16      
1996 04 21 0017 0023 S 05 W 57 F    21      
1996 04 21 0643 0700 S 07 W 60 F            
1996 04 21 0710 0717 S 06 W 60 F            
1996 04 21 0746 0825 S 06 W 60 F            
1996 04 21 0746 0825 S 06 W 60 F            
1996 04 21 0746 0825 S 06 W 60 F            
1996 04 21 0821 0831 N 05 W 80 F            
1996 04 21 0827 0912 S 06 W 60 F            
1996 04 21 1010 1038 N 05 W 85 F            
1996 04 21 1050 1109 S 09 W 61 F    19      
1996 04 21 1332 1350 S 06 W 60 F            
1996 04 21 1410 1556 S 07 W 62 F            
1996 04 21 1503 1510 S 07 W 65 F    16      
1996 04 21 1801 1807 S 04 W 63 F    20      
1996 04 21 1802 1807 S 06 W 63 F    17      
1996 04 21 1938 1949 S 04 W 67 F    66      
1996 04 21 1941 1950 S 07 W 67 F    39 B  16
1996 04 22 0009 0011 S 06 W 68 F    15      
1996 04 22 0233 0241 S 06 W 70 F    17 C  16
1996 04 22 0327 0351 S 06 W 70 F    50 C  61
1996 04 22 0442 0450 S 13 W 76 F    35 M  36
1996 04 22 0653 0721 S 05 W 73 N    72 B  61
1996 04 22 0846 0850 S 06 W 69 F            
1996 04 22 0942 1002 S 07 W 75 N            
1996 04 22 1027 1057 S 07 W 75 N            
1996 04 22 1111 1354 S 07 W 75 N            
1996 04 22 1111 1152 S 06 W 76 N    11      
1996 04 22 1148 1152 S 05 W 76 F    11      
1996 04 22 1111 1354 S 07 W 75 N            
1996 04 22 1544 1558 S 05 W 76 F    59      
1996 04 22 1705 1712 S 06 W 80 F    24 B  68
1996 04 22 1705 1710 S 04 W 80 F    21 B  68
1996 04 22 1756 1836 S 07 W 80 F    57      
1996 04 22 1812 1819 S 04 W 82 F    18 C  18
1996 04 23 0953 1017 S 07 W 85 F            
1996 04 26 1403 1504 S 04 W 10 N   120      
1996 05 07 1701 1708 S 07 E 72 F    12 B  21
1996 05 07 2114 2118 S 10 E 65 F    10      
1996 05 08 1505 1511 S 08 E 59 F    13      
1996 05 08 1517 1522 S 09 E 60 F    22 B  62
1996 05 08 1548 1559 S 08 E 59 F    38 C  10
1996 05 08 1549 1557 S 08 E 58 F    37 C  10
1996 05 08 2134 2214 S 08 E 52 F   111      
1996 05 08 2232 2302 S 09 E 56 F    38 B  78
1996 05 08 2233 2257 S 09 E 55 F    20 B  78
1996 05 09 1429 1502 S 09 E 45 F    30      
1996 05 10 1817 1831 S 08 E 31 F    14      
1996 05 11 1616 1624 S 08 E 28 F    12 B  13
1996 05 11 1617 1624 S 08 E 28 F    13 B  13
1996 05 11 1646 1701 S 08 E 15 F    23      
1996 05 11 1812 1840 S 08 E 19 F    50 B  82
1996 05 11 1812 1840 S 08 E 19 F    63 B  82
1996 05 11 1911 1917 S 07 E 16 F    20      
1996 05 11 2108 2137 S 08 E 17 F    13      
1996 05 12 0017 0028 S 08 E 14 F    28 B  11
1996 05 12 0017 0025 S 07 E 14 F    23 B  11
1996 05 12 0048 0054 S 08 E 14 F    23 B  14
1996 05 12 1639 1654 S 08 E 00 F    21 B  18
1996 05 12 1643 1653 S 08 E 01 F    43      
1996 05 12 1928 1938 S 08 E 03 F    44 B  91
1996 05 14 1135 1143 S 05 W 17 F            
1996 05 14 1152 1208 S 11 W 15 F            
1996 05 18 1149 1157 S 12 W 65 F            
1996 06 05 1124 1132 N 02 E 20 F            
1996 06 05 1434 1510 N 03 E 20 F    20      
1996 06 06 0718 0738 S 11 W 68 F            
1996 06 06 0907 0932 N 03 E 09 F   150      
1996 06 07 0628 0644 N 03 W 04 F            
1996 06 07 0926 0956 N 03 W 10 F    25 B  23
1996 06 07 0935 1000 N 02 W 07 F            
1996 06 07 1125 1133 N 03 W 06 F    30      
1996 06 07 1138 1152 N 03 W 06 F    40      
1996 06 09 0632 0640 S 01 W 30 F            
1996 06 09 0907 0920 N 01 W 32 F    31 B  67
1996 06 09 0908 0920 N 00 W 31 F            
1996 06 09 1047 1108 S 04 E 09 F            
1996 06 09 1446 1501 N 00 W 32 B   100      
1996 06 09 1451 1459 S 01 W 34 F            
1996 06 09 1451 1457 N 01 W 36 F    24 B  17
1996 06 11 1030 1045 N 34 W 88 F            
1996 06 20 0342 0347 N 10 E 67 F    23 B  12
1996 06 23 2211 2221 N 12 E 72 F    66 C  12
1996 06 27 0833 1009 N 08 W 24 F    80      
1996 07 04 2126 2131 S 11 E 40 F    17      
1996 07 07 1334 1358 S 10 W 06 F    13      
1996 07 07 1450 1505 S 11 W 07 F    16 B  20
1996 07 07 2221 2233 S 09 W 11 F   131 C  17
1996 07 08 0020 0044 S 09 W 12 F    18      
1996 07 08 0043 0046 S 10 W 02 F    14      
1996 07 08 0101 0111 S 10 W 13 F    51      
1996 07 08 0111 0116 S 10 W 13 F    19      
1996 07 08 0609 0625 S 10 W 15 F    35 C  16
1996 07 08 0858 0909 S 10 W 17 F    20 C  18
1996 07 08 1405 1411 S 10 W 22 F    17 B  50
1996 07 08 1519 1526 S 10 W 22 F    20      
1996 07 08 1620 1625 S 11 W 23 F    10      
1996 07 08 1741 1845 S 09 W 22 F    48      
1996 07 08 1744 1750 S 09 W 21 F    19      
1996 07 08 1806 1813 S 11 W 22 F    14 B  89
1996 07 08 2030 2037 S 09 W 23 F    17      
1996 07 09 0149 0221 S 10 W 28 F    50 M  14
1996 07 09 0503 0553 S 11 W 30 F    90 C  38
1996 07 09 0607 0612 S 11 W 31 F            
1996 07 09 0751 0853 S 10 W 24 F    49 C  26
1996 07 09 0809 0833 S 11 W 23 F    12      
1996 07 09 0830 0907 S 12 W 22 N            
1996 07 09 0901 0941 S 11 W 30 B   158 X  26
1996 07 09 0903 0940 S 11 W 30 N            
1996 07 09 1849 1935 S 11 W 37 F    57 C  17
1996 07 10 0010 0032 S 13 W 40 F    12 B  94
1996 07 10 0253 0412 S 12 W 40 F    96 M  10
1996 07 10 0330 0340 S 11 W 39 F    24 M  10
1996 07 10 0544 0604 S 10 W 42 F    14 C  27
1996 07 10 1029 1042 S 11 W 48 F    19 B  98
1996 07 10 1057 1114 S 11 W 47 F    35 C  12
1996 07 10 1330 1340 S 11 W 48 F    11      
1996 07 10 1428 1510 S 12 W 49 F    15 B  72
1996 07 10 1638 1644 S 11 W 50 F    13 B  66
1996 07 10 1804 1828 S 12 W 49 F    49 C  31
1996 07 10 1806 1827 S 12 W 50 F    27      
1996 07 10 1848 1859 S 13 W 50 F    26 C  22
1996 07 10 1854 1900 S 13 W 50 F    15      
1996 07 10 1951 2006 S 09 W 49 F    15      
1996 07 10 2243 2258 S 13 W 46 F    18 C  15
1996 07 11 0236 0240 S 13 W 51 F    18 B  34
1996 07 11 0317 0324 S 09 W 53 F    29 B  62
1996 07 11 0657 0718 S 10 W 58 F            
1996 07 11 0808 0840 S 09 W 55 F    33 C  26
1996 07 11 1052 1107 S 12 W 57 F    11 B  74
1996 07 11 1231 1243 S 13 W 59 F    12      
1996 07 11 1543 1603 S 12 W 66 F            
1996 07 11 1654 1710 S 10 W 64 F    26 C  28
1996 07 11 1656 1710 S 11 W 63 F    23 C  28
1996 07 12 0657 0716 S 10 W 60 F    15      
1996 07 12 1502 1511 S 10 W 67 F    19      
1996 07 12 1515 1548 S 14 W 68 F    68      
1996 07 12 1530 1547 S 17 W 69 F    46      
1996 07 12 1513 1631 S 11 W 72 F   122 C  49
1996 07 29 2241 2257 S 06 E 56 F    19 B  28
1996 07 30 1401 1410 S 10 E 40 F    25      
1996 07 30 1603 1610 S 10 E 38 F    16      
1996 07 30 1603 1611 S 09 E 38 F    20      
1996 07 31 0831 0900 S 11 E 35 F            
1996 07 31 1612 1618 S 11 E 25 F    17 B  17
1996 07 31 1915 1924 S 10 E 23 F    18 B  39
1996 07 31 1915 1924 S 10 E 23 F    15 B  39
1996 08 01 0739 0747 S 10 E 17 F            
1996 08 01 1617 1626 S 10 E 12 F            
1996 08 02 1036 1048 S 09 W 03 F            
1996 08 02 1522 1546 S 08 W 04 F    22 B  28
1996 08 02 1522 1547 S 09 W 04 F    20      
1996 08 03 0515 0534 S 09 W 05 F    31 B  22
1996 08 03 1236 1257 S 08 W 12 F    43      
1996 08 03 2116 2124 S 09 W 21 F    26 B  12
1996 08 04 1007 1024 S 09 W 23 N   180      
1996 08 04 1815 1824 S 10 W 30 F    18 B  21
1996 08 05 0753 0756 S 11 W 37 F    19 B  26
1996 08 05 0920 0929 S 10 W 34 F    31 B  51
1996 08 05 0920 0930 S 10 W 35 F    31 B  51
1996 08 05 1422 1432 S 09 W 39 B   160      
1996 08 05 1423 1431 S 10 W 38 F    67      
1996 08 05 1506 1512 S 09 W 38 F    14 B  24
1996 08 05 1506 1511 S 10 W 38 F    14      
1996 08 05 1533 1545 S 08 W 42 F    13 B  20
1996 08 05 1534 1546 S 08 W 41 F            
1996 08 06 0957 1012 S 12 W 52 F            
1996 08 08 1151 1200 S 20 W 73 F    53 B  27
1996 08 09 0954 1001 N 11 E 03 F            
1996 08 09 1442 1500 N 08 W 01 F    12      
1996 08 09 1443 1500 N 08 W 01 F    12      
1996 08 10 2120 2153 N 10 W 19 F    17 B  15
1996 08 22 0835 1000 N 03 E 90 N            
1996 08 25 1228 1237 S 13 E 64 F    24 C  10
1996 08 26 0525 0555 S 12 E 54 F    29 B  34
1996 08 26 1408 1424 S 11 E 50 F    21 B  33
1996 08 26 1409 1424 S 11 E 49 F    19 B  33
1996 08 26 1458 1505 S 12 E 49 F    11 B  19
1996 08 26 1458 1504 S 12 E 50 F    10 B  19
1996 08 26 1817 1839 S 11 E 46 F    28 B  50
1996 08 26 1817 1854 S 11 E 44 F    31      
1996 08 26 1954 2000 S 11 E 46 F    20 B  13
1996 08 26 2117 2129 S 12 E 47 F    17      
1996 08 26 2317 2354 S 13 E 44 F    94 B  55
1996 08 28 0803 0819 S 10 E 25 F    73      
1996 08 28 0803 0820 S 08 E 22 F    93      
1996 08 31 1541 1559 S 16 W 18 F    26 B  51
1996 08 31 1819 1902 S 16 W 18 F    54 B  88
1996 08 31 1820 1852 S 16 W 18 F    42      
1996 09 04 1011 1043 S 03 W 79 N   200      
1996 09 04 1023 1028 S 14 W 72 N   140      
1996 09 27 0825 0833 S 05 E 02 F            
1996 11 21 2050 2103 S 03 E 63 F    31 B  14
1996 11 21 2331 2340 S 04 E 61 F    13 B  17
1996 11 22 1417 1430 N 05 W 23 F    20      
1996 11 22 1649 1655 N 05 W 24 F    37      
1996 11 23 0629 0638 S 05 E 41 F    58 C  10
1996 11 23 0646 0649 S 05 E 41 F    16      
1996 11 23 1348 1404 S 04 E 40 F            
1996 11 23 1728 1745 S 03 E 38 F    28      
1996 11 23 1925 1931 S 04 E 35 F    28 B  92
1996 11 23 1926 1930 S 04 E 34 F    27      
1996 11 24 1733 1753 S 01 E 23 F    24      
1996 11 24 1933 1952 S 02 E 22 F    23 C  13
1996 11 24 1933 1952 S 01 E 22 F    21 C  13
1996 11 24 2003 2007 S 03 E 23 F    29      
1996 11 24 2111 2121 S 04 E 20 F    37 C  10
1996 11 25 0019 0038 S 03 E 18 N   100 C  80
1996 11 25 0019 0023 S 03 E 20 N    47      
1996 11 25 0057 0102 S 03 E 16 F    18 C  12
1996 11 25 0411 0412 S 04 E 23 N    33      
1996 11 25 0622 0630 S 03 E 15 N    67      
1996 11 25 1125 1133 S 03 E 09 F            
1996 11 25 1225 1229 N 05 W 62 F            
1996 11 25 1241 1329 S 02 E 12 N   106 C  46
1996 11 25 1313 1329 S 03 E 12 F            
1996 11 25 1522 1553 S 03 E 08 F    22      
1996 11 25 1807 1814 S 02 E 06 F    12      
1996 11 25 1825 1924 S 03 E 07 N   138 C  58
1996 11 25 1827 1916 S 03 E 06 F   139      
1996 11 25 1830 1940 S 03 E 07 N   122      
1996 11 25 1854 1908 N 04 W 68 F    55      
1996 11 25 2014 2044 S 14 W 54 F    18      
1996 11 25 2014 2044 S 16 W 73 F    18      
1996 11 26 1307 1427 S 03 W 02 F    47 C  16
1996 11 27 1154 1217 S 03 W 14 F    11      
1996 11 27 1929 1941 S 04 W 18 F    14 B  89
1996 11 28 1235 1347 S 04 W 29 F    48 C  11
1996 11 29 0001 0026 S 04 W 37 F    14      
1996 11 29 0026 0037 S 03 W 35 F    14      
1996 11 29 0050 0057 S 03 W 35 F    20      
1996 11 29 2025 2116 S 05 W 49 F    72      
1996 11 29 2036 2109 S 06 W 47 F   131 M  10
1996 11 30 0022 0027 S 04 W 48 F    15      
1996 11 30 0039 0149 S 04 W 48 F    52      
1996 11 30 0149 0159 S 04 W 49 F    41      
1996 11 30 1716 1720 S 04 W 58 F    30 C  10
1996 11 30 1905 1918 S 06 W 61 F    18      
1996 11 30 2049 2214 S 04 W 60 N   134 C  86
1996 11 30 2054 2128 S 04 W 58 N    92      
1996 11 30 2110 2115 S 06 W 62 F    22      
1996 11 30 2150 2318 S 05 W 63 F    35      
1996 12 01 0943 0951 S 03 W 65 F            
1996 12 01 1639 1645 S 05 W 77 F    12      
1996 12 01 2021 2045 S 05 W 75 F    22 C  16
1996 12 01 2049 2126 S 05 W 74 F    68 C  52
1996 12 02 0842 0850 S 06 W 77 F    16 B  74
1996 12 02 0858 0902 S 06 W 77 F    12      
1996 12 02 0905 0908 S 06 W 78 F    14      
1996 12 02 1423 1453 S 05 W 89 F   111 C  27
1996 12 02 1423 1504 S 04 W 86 F    86      
1996 12 02 1736 1806 S 05 W 90 N    80 C  16
1996 12 02 1735 1741 S 05 W 90 N    83      
1996 12 02 2348 2359 S 04 W 89 F   123 C  12
1996 12 09 0920 0924 S 31 E 04 F    10      
1996 12 09 0947 0955 S 31 E 04 F    15      
1996 12 09 1348 1354 S 30 E 05 F    20      
1996 12 09 1709 1727 S 30 W 01 F    31 B  81
1996 12 10 0933 0935 S 29 W 12 F    17      
1996 12 10 1430 1437 S 29 W 14 F    17 B  13
1996 12 11 0358 0410 S 28 W 20 F    20 B  14
1996 12 11 0519 0537 S 28 W 21 F    12      
1996 12 12 0021 0029 S 27 W 37 F    13      
1996 12 12 0032 0108 S 27 W 36 F    21      
1996 12 12 0149 0157 S 26 W 37 F    21      
1996 12 12 0322 0326 S 28 W 33 F    19      
1996 12 12 0327 0343 S 26 W 38 F    33      
1996 12 12 0355 0400 S 26 W 38 F    16      
1996 12 12 0429 0440 S 28 W 36 F    44      
1996 12 12 0645 0658 S 28 W 34 N    82 B  61
1996 12 12 1257 1316 S 31 W 40 F    48 B  76
1996 12 12 1301 1317 S 30 W 38 N            
1996 12 13 0551 0557 S 27 W 51 F    40 B  43
1996 12 13 1330 1338 S 28 W 54 F    27 B  14
1996 12 13 1340 1404 S 28 W 54 F    18      
1996 12 13 1932 1938 S 30 W 54 F    18      
1996 12 14 0320 0324 S 27 W 61 F    32 B  16
1996 12 14 0440 0444 N 04 E 44 F    14      
1996 12 14 0447 0457 N 04 E 44 F    11      
1996 12 14 0620 0623 S 27 W 63 F    22      
1996 12 16 0756 0812 S 13 E 34 F            
1996 12 18 1525 1529 N 04 W 18 F    51      
1996 12 19 0121 0142 S 13 W 01 F    16 B  58
1996 12 19 0121 0122 S 12 W 02 F    22      
1996 12 19 1528 1719 S 13 W 10 F   105      
1996 12 19 1538 1745 S 14 W 09 F   142 C  23
1996 12 19 2237 2241 N 07 W 30 F    22      
1996 12 20 1624 1634 N 00 W 47 F    21 B  29
1996 12 21 0725 0735 S 03 E 28 F    21      
1996 12 23 1621 1626 S 06 W 05 F    33      
1996 12 23 2048 2052 S 15 W 66 F    13      
