1997 01 07 0840 0845 S 01 W 38 F    14      
1997 01 18 0932 0948 S 22 E 32 F            
1997 01 19 1054 1100 S 06 W 22 F    23      
1997 01 20 0831 0847 S 04 W 35 F    24 B  45
1997 01 27 1035 1043 S 08 W 03 F            
1997 01 27 1140 1152 S 08 W 03 F            
1997 01 29 1518 1524 N 02 E 42 F    11 B  10
1997 01 29 1918 1930 N 02 E 40 F    19 B  58
1997 02 02 0116 0130 N 03 W 09 F    15      
1997 02 02 0636 0646 S 23 E 36 F    52 C  26
1997 02 02 0931 0939 S 20 E 31 F    17      
1997 02 02 0933 0937 S 22 E 30 F            
1997 02 02 0943 1000 S 21 E 30 F    26 B  37
1997 02 02 1056 1104 S 20 E 30 F    19 B  52
1997 02 02 1057 1105 S 22 E 30 F            
1997 02 02 1145 1150 S 20 E 30 F    19      
1997 02 02 1348 1401 S 20 E 28 F    13 B  64
1997 02 02 1349 1357 S 22 E 30 F            
1997 02 02 1428 1604 S 21 E 27 F    25      
1997 02 02 1928 1933 S 21 E 25 F    12 B  62
1997 02 03 1017 1032 S 22 E 16 F    36 B  42
1997 02 03 1020 1032 S 21 E 16 F            
1997 02 03 1258 1326 N 05 W 28 F    15      
1997 02 04 0107 0111 S 21 E 08 F    13 B  36
1997 02 04 0125 0136 N 05 W 36 F    16      
1997 02 04 0524 0536 S 21 E 05 F    22 B  28
1997 02 04 1116 1132 S 22 E 02 F    20 C  18
1997 02 04 1116 1132 S 21 E 01 F    20 C  18
1997 02 04 1314 1319 N 05 W 46 F    24 B  16
1997 02 04 1846 1913 N 04 W 48 F    17 B  58
1997 02 04 1848 1910 N 05 W 46 F    14      
1997 02 08 1354 1402 N 31 W 75 F            
1997 02 19 2220 2228 N 08 W 79 F    24 C  39
1997 02 20 0751 0755 N 06 W 70 F            
1997 02 20 1047 1051 N 06 W 79 F            
1997 02 20 1115 1155 N 05 W 79 F            
1997 03 06 0047 0055 N 02 E 78 F    43 B  89
1997 03 06 0611 0617 N 03 E 77 F    33 B  39
1997 03 07 1217 1225 N 08 E 69 F            
1997 03 08 0800 0812 N 05 E 53 F            
1997 03 16 0042 0045 S 31 W 44 F    15 B  18
1997 03 27 1410 1422 S 24 E 81 F    53 B  84
1997 03 27 1412 1420 S 25 E 79 F    16      
1997 03 27 1926 1931 S 24 E 80 F    20 B  53
1997 03 27 1944 1954 S 24 E 79 F    55      
1997 03 27 2157 2205 S 25 E 79 F    22 B  46
1997 03 28 0022 0026 S 25 E 75 F    12 B  11
1997 03 28 0855 0939 S 25 E 68 F    35 B  22
1997 03 28 0918 0922 S 23 E 67 F    20      
1997 03 28 0923 0946 S 23 E 67 F    40      
1997 03 28 0948 0957 S 23 E 66 F    66      
1997 03 28 1231 1239 S 28 E 66 F    11      
1997 03 28 1420 1440 S 24 E 67 F    16      
1997 03 28 1446 1502 S 28 E 66 F    11      
1997 03 28 1447 1513 S 24 E 67 F    18      
1997 03 29 2045 2048 S 25 E 49 F    12 B  34
1997 04 01 0506 0515 S 26 E 22 B    21      
1997 04 01 0755 0808 S 25 E 20 F    30      
1997 04 01 1007 1038 S 24 E 20 F    30      
1997 04 01 1007 1038 S 24 E 21 F    40      
1997 04 01 1009 1017 S 24 E 18 F            
1997 04 01 1029 1037 S 24 E 19 F            
1997 04 01 1143 1147 S 26 E 17 F    12 B  16
1997 04 01 1252 1259 S 25 E 19 F    10 B  36
1997 04 01 1343 1409 S 25 E 20 B   220      
1997 04 01 1343 1408 S 25 E 17 B   146 M  19
1997 04 01 1344 1404 S 25 E 16 N   100      
1997 04 01 1447 1459 S 25 E 20 F    50      
1997 04 01 1452 1458 S 26 E 17 F    12 B  66
1997 04 02 0031 0048 S 26 E 08 F    22 C  22
1997 04 02 0529 0532 S 25 E 05 F    13 C  13
1997 04 02 0705 0724 S 24 E 09 F    24 B  38
1997 04 02 0706 0718 S 24 E 10 F            
1997 04 02 0707 0728 S 26 E 08 F   100      
1997 04 02 0800 0804 S 25 E 07 F    11      
1997 04 02 0832 0849 S 24 E 08 F    15 B  35
1997 04 02 0834 0846 S 24 E 09 F            
1997 04 02 0910 0915 S 25 E 14 F            
1997 04 02 0922 0938 S 24 E 08 F            
1997 04 02 0924 0942 S 24 E 07 F    35 B  68
1997 04 02 1022 1034 S 25 E 07 F            
1997 04 02 1023 1037 S 25 E 14 F            
1997 04 02 1023 1035 S 24 E 06 F    19 B  24
1997 04 02 1202 1221 S 24 E 07 F    67 B  24
1997 04 02 1206 1215 S 24 E 08 F   100      
1997 04 05 0107 0112 S 28 E 50 F    17      
1997 04 05 1528 1538 S 29 E 41 F    11 B  48
1997 04 05 2028 2040 S 28 E 39 F    40 B  56
1997 04 06 1202 1226 S 29 E 29 F            
1997 04 06 1206 1227 S 28 E 29 F    21      
1997 04 07 1011 1023 S 23 W 59 F            
1997 04 07 1353 1447 S 27 E 25 B   450      
1997 04 07 1354 1524 S 30 E 19 N   297 C  68
1997 04 07 1355 1459 S 30 E 19 N   290      
1997 04 09 0440 0503 S 29 W 04 F    55 B  42
1997 04 09 1055 1142 S 24 W 80 F            
1997 04 09 1135 1143 S 24 W 81 F            
1997 04 10 1021 1033 N 24 W 28 F    13      
1997 04 10 1233 1242 S 30 W 15 F    40      
1997 04 13 1838 1853 S 30 W 46 F    19 B  82
1997 04 14 0835 0854 S 28 W 55 F    20      
1997 04 15 0629 0711 S 23 E 12 F    31 B  17
1997 04 15 0629 0709 S 23 E 12 F            
1997 04 15 0959 1007 S 23 E 11 F    34 B  68
1997 04 15 1011 1028 S 23 E 11 F    29 B  59
1997 04 15 1249 1253 S 22 E 10 F            
1997 04 15 1301 1309 S 22 E 10 F            
1997 04 15 1303 1321 N 25 W 90 F            
1997 04 15 1409 1429 S 24 E 10 F            
1997 04 15 1409 1430 S 24 E 10 N    88 C  10
1997 04 15 1730 1742 S 28 W 77 F    47 B  53
1997 04 15 1730 1740 S 27 W 78 F    39      
1997 04 15 2006 2010 S 24 E 04 F    22 B  31
1997 04 16 0400 0403 S 30 W 74 F    37      
1997 04 16 1105 1121 S 23 W 00 F   150      
1997 04 26 2340 2355 S 17 W 37 F    16 B  68
1997 05 01 0903 1116 S 32 E 90              
1997 05 03 1845 1852 S 32 E 55 F    13      
1997 05 06 1405 1416 N 18 E 65 F    13 B  12
1997 05 08 0931 0938 S 32 W 09 F    13      
1997 05 12 0444 0632 N 21 W 07 N   195      
1997 05 12 0445 0556 N 21 W 09 F   100 C  13
1997 05 16 1251 1256 N 24 W 68 F    12      
1997 05 16 1300 1304 N 19 W 66 F            
1997 05 16 1300 1305 N 24 W 68 F    12      
1997 05 17 1038 1110 N 20 W 74 F            
1997 05 21 0040 0142 N 04 E 00 F    65 B  23
1997 05 21 0234 0310 N 04 E 00 F    20      
1997 05 21 0310 0318 N 04 W 01 F    12      
1997 05 21 0324 0355 N 04 W 01 F    18      
1997 05 21 0552 0602 N 03 W 01 F            
1997 05 21 0606 0700 N 04 W 03 F   106 C  27
1997 05 21 0611 0645 N 04 W 03 F   116      
1997 05 21 0808 0817 N 04 W 05 F    17      
1997 05 21 0819 0837 N 04 W 05 F    12      
1997 05 21 0838 0849 N 28 W 56 F    12      
1997 05 21 0913 0919 N 28 W 57 F    16      
1997 05 21 1012 1017 N 28 W 57 F    15      
1997 05 21 1045 1114 N 28 W 60 F            
1997 05 21 1101 1123 N 28 W 58 F    21      
1997 05 21 1251 1255 N 05 W 07 F    18      
1997 05 21 1315 1325 N 04 W 05 F    21      
1997 05 21 1318 1322 N 04 W 08 F            
1997 05 21 1334 1344 N 28 W 64 F    14      
1997 05 21 1359 1429 N 28 W 66 F            
1997 05 21 1359 1438 N 28 W 60 F    15      
1997 05 21 1446 1451 N 04 W 07 F    22      
1997 05 21 1659 1719 N 04 W 08 F    12 B  54
1997 05 21 2008 2112 N 05 W 12 F    82 M  13
1997 05 21 2045 2048 N 04 W 10 F    21      
1997 05 23 0930 0958 N 03 W 32 F            
1997 05 23 0934 0949 N 04 W 32 F    12 B  22
1997 05 23 2002 2017 N 02 W 26 F    14 B  35
1997 05 24 0041 0045 S 28 E 66 F    11 B  52
1997 05 25 1342 1623 S 28 E 55 N   150      
1997 05 25 1353 1516 S 28 E 50 F    21 B  48
1997 05 25 1355 1517 S 28 E 50 F    42      
1997 05 25 1429 1501 S 27 E 51 F            
1997 05 26 0931 1002 N 29 E 90 N            
1997 05 26 0950 1015 S 28 E 42 N    50      
1997 05 27 0629 0708 N 26 E 80 N            
1997 05 27 0629 0836 N 01 W 75 F            
1997 05 27 0703 0723 N 00 W 72 F            
1997 05 27 0729 0754 S 27 E 25 F    70      
1997 05 27 0926 1013 N 01 W 75 N            
1997 05 27 0939 1007 N 02 W 76 F   121 C  46
1997 05 27 1030 1056 N 26 E 80 N            
1997 05 27 1036 1232 N 01 W 75 F            
1997 05 27 1112 1128 N 00 W 75 F    50      
1997 05 27 1238 1252 N 02 W 82 F    33      
1997 05 27 1308 1333 N 03 W 85 F    53      
1997 05 27 1321 1324 N 02 W 83 F    28 B  84
1997 05 27 1427 1559 N 01 W 75              
1997 05 27 1428 1431 N 03 W 90 F    33      
1997 05 28 0700 0709 S 29 E 17 F    36 B  22
1997 05 28 0758 0817 N 01 W 90              
1997 05 28 0842 0907 N 01 W 90              
1997 05 28 1149 1214 N 01 W 90              
1997 05 28 1211 1242 S 28 E 14 F   100      
1997 05 28 1215 1235 S 28 E 10 F            
1997 05 28 1408 1419 N 01 W 90              
1997 05 29 0034 0039 S 24 E 03 F    12      
1997 05 31 1208 1212 S 29 W 28 F            
1997 06 01 0645 0758 S 30 E 40 F   150      
1997 06 01 1133 1140 S 31 E 35 F    12      
1997 06 01 1201 1203 S 30 E 40              
1997 06 01 1617 1642 S 30 E 34 F    19      
1997 06 03 0802 0806 S 29 E 13 F            
1997 06 07 1320 1328 S 31 W 45 F            
1997 06 09 0942 0950 N 32 E 49 F            
1997 06 09 1036 1044 S 30 W 72 F            
1997 06 12 0559 0615 N 17 E 51 F            
1997 06 12 1103 1111 N 17 E 46 F            
1997 06 17 0545 0551 N 17 W 19 F    11      
1997 06 21 1033 1049 S 28 W 72 F            
1997 06 28 0653 0659 N 23 W 55 F    13      
1997 06 28 1119 1147 N 31 E 18 F            
1997 06 28 1241 1245 N 18 W 58 F            
1997 06 28 2127 2140 N 31 E 13 F     1      
1997 06 29 2345      N 17 W 82 F    20      
1997 06 30 0318 0324 N 29 W 01 F    16      
1997 07 03 1712 1728 S 32 E 21 F            
1997 07 09 0748 0819 S 30 W 57 F            
1997 07 13 0859 0905 S 30 W 90              
1997 07 17 0740 0812 N 25 E 80              
1997 07 20 0608 0639 S 34 W 78 F            
1997 07 22 1013 1017 N 22 E 85 F            
1997 07 24 0606 0615 N 27 W 13 F    35      
1997 07 24 0656 0714 N 27 W 14 F    22      
1997 07 24 0658 0718 N 27 W 12 F            
1997 07 24 1300 1327 N 16 W 38 F    24 B  91
1997 07 25 0417 0420 N 20 W 43 F    13      
1997 07 25 0512 0520 N 20 W 43 F    18      
1997 07 25 0529 0600 N 20 W 44 F    36      
1997 07 25 0601 0610 N 20 W 44 F    15      
1997 07 25 1040 1102 N 23 E 80 F    64 B  52
1997 07 25 1507 1525 N 28 W 32 F    22      
1997 07 25 1507 1520 N 27 W 33 F    15      
1997 07 25 1537 1544 N 17 W 51 F    12 B  91
1997 07 25 1538 1543 N 17 W 51 F    10 B  91
1997 07 25 1849 1855 N 23 E 71 F    20      
1997 07 25 1854 1909 N 17 W 52 F    26      
1997 07 25 1854 1902 N 16 W 54 F    18      
1997 07 25 2011 2115 N 16 W 54 F    78      
1997 07 26 0016 0019 N 22 W 57 F    12 B  43
1997 07 27 0330 0342 N 32 W 48 F    48 B  95
1997 07 27 0813 0822 N 29 W 54 F    27 B  27
1997 07 27 0815 0823 N 28 W 53 F            
1997 07 27 1830 1838 N 24 E 50 F    22 B  22
1997 07 29 0539 0553 N 28 E 29 F    24      
1997 07 29 0720 0739 N 26 E 28 F    28 B  40
1997 07 29 1319 1331 N 25 E 28 F    30      
1997 07 29 1321 1333 N 25 E 26 F    53 B  51
1997 07 29 1322 1340 N 27 E 25 F    80 B  51
1997 08 03 0020 0034 S 21 E 45 F    23      
1997 08 03 0303 0309 S 25 E 42 F    48      
1997 08 03 1103 1108 S 22 E 40 F    15      
1997 08 06 0603 0614 N 20 W 38 F    16 B  49
1997 08 07 0924 0933 N 19 W 55 F    14      
1997 08 07 1035 1046 N 19 W 56 F    13      
1997 08 07 1117 1123 N 19 W 56 F    11      
1997 08 07 1118 1127 N 19 W 54 F            
1997 08 07 1135 1147 N 19 W 56 F    20 B  11
1997 08 07 1259 1315 N 18 W 55 F            
1997 08 07 1300 1315 N 19 W 57 F    17 B  21
1997 08 07 1428 1437 N 19 W 57 F    37      
1997 08 07 1447 1459 N 19 W 58 F    20      
1997 08 07 1723 1730 N 19 W 58 F    10      
1997 08 08 1249 1259 N 19 W 71 F    21 B  18
1997 08 08 1315 1320 N 19 W 73 F    14      
1997 08 08 1505 1509 N 19 W 71 F    13      
1997 08 09 0921 0929 N 20 W 80 N            
1997 08 09 1208 1218 N 20 W 80 N            
1997 08 09 1210 1220 N 19 W 86 F    25 C  10
1997 08 09 1255 1318 N 20 W 80 N            
1997 08 09 1602 1607 N 20 W 82 F    21      
1997 08 09 1634 1637 N 19 W 85 F    64 C  85
1997 08 10 0730 0741 N 20 W 90 F            
1997 08 10 0744 0812 N 20 W 90 F            
1997 08 10 1012 1103 N 20 W 90 F            
1997 08 11 0915 0927 N 22 E 04 F            
1997 08 12 0554 0604 N 28 E 80 F    17 B  36
1997 08 12 0931 0939 N 25 E 18 F            
1997 08 12 0931 0941 N 25 E 16 F    14      
1997 08 12 0933 0934 N 11 E 68 F   648      
1997 08 12 1109 1218 N 20 W 34 F    30      
1997 08 12 1236 1247 N 20 W 34 F    40      
1997 08 12 1240 1248 S 20 W 36 F    14      
1997 08 13 0511 0525 S 20 W 48 F    22      
1997 08 13 0552 0555 S 20 W 47 F            
1997 08 13 1221 1230 N 28 E 60 N            
1997 08 13 1451 1511 N 25 W 02 F            
1997 08 13 1838 1850 N 26 W 03 F    14      
1997 08 14 0129 0147 N 26 W 04 F    30 C  10
1997 08 21 0433 0438 N 29 W 34 F    17 B  36
1997 08 24 0915 0927 S 24 E 83 F            
1997 08 24 0915 0935 N 30 W 73 F            
1997 08 24 0939 0959 N 29 W 71 F            
1997 08 24 1129 1133 S 24 E 83 F            
1997 08 24 1834 1838 S 23 E 72 F    31 B  24
1997 08 25 1407 1413 N 30 E 82 F    23      
1997 08 25 1519 1534 N 30 E 82 F    57 C  12
1997 08 25 1519 1534 N 30 E 82 F    57 C  12
1997 08 25 1519 1543 N 28 E 69 F    88 C  12
1997 08 25 1639 1714 N 27 E 69 F    28 C  12
1997 08 25 1702 1709 N 28 E 80 F    19 C  12
1997 08 26 0054 0101 N 21 E 57 F    41 C  40
1997 08 26 0531 0614 N 26 E 55 F    28 C  45
1997 08 26 2010 2042 N 29 E 54 F    66 B  88
1997 08 26 2308 2316 N 29 E 53 F    31      
1997 08 27 1514 1523 S 23 E 38 F    12      
1997 08 28 0937 0949 S 24 E 28 F            
1997 08 28 1053 1059 N 30 E 36 F    19      
1997 08 28 1121 1132 N 26 E 32 F    20      
1997 08 28 1145 1157 S 24 E 27 F            
1997 08 28 1618 1623 N 27 E 31 F    25      
1997 08 29 0426 0431 N 30 E 26 N            
1997 08 29 0617 0625 N 29 E 25 F    16 B  31
1997 08 29 0921 0945 N 31 E 24 F    24 B  67
1997 08 29 1513 1517 N 31 E 22 F    22      
1997 08 29 1727 1754 N 30 E 20 F    35 C  10
1997 08 29 1728 1741 N 27 E 17 F    24 C  10
1997 08 29 2314 2447 N 30 E 17 F    61 M  14
1997 08 30 0723 0732 N 28 E 11 F    50 B  57
1997 08 30 0723 0731 N 30 E 13 F            
1997 08 30 1115 1133 N 23 E 03 F    18 C  19
1997 08 30 1144 1158 N 23 E 04 F    28      
1997 08 30 1509 1536 N 28 E 05 F    13      
1997 08 31 1129 1138 N 29 W 05 F    26 C  27
1997 08 31 1350 1358 N 27 W 14 F    38      
1997 08 31 1449 1452 N 28 W 07 F    12      
1997 08 31 1504 1513 N 28 W 07 F    11      
1997 08 31 1504 1508 N 29 W 07 F    10      
1997 08 31 1652 1705 N 27 W 11 F    21      
1997 08 31 1910 1920 N 29 W 10 F    39 C  12
1997 08 31 1924 1931 N 29 W 12 F    19      
1997 08 31 2222 2232 N 30 W 12 F    42 C  14
1997 09 01 0358 0401 N 24 W 14 F    19      
1997 09 01 0701 0701 N 34 W 10 F            
1997 09 01 0749 0753 N 26 W 26 F            
1997 09 01 0917 0933 N 29 W 17 F            
1997 09 01 1337 1349 N 28 W 30 F            
1997 09 01 1501 1509 N 28 W 31 F            
1997 09 01 1553 1601 N 28 W 31 F            
1997 09 02 0622 0626 N 25 W 44 F            
1997 09 02 0656 0701 N 29 W 33 F    26      
1997 09 02 0658 0702 N 29 W 33 F            
1997 09 02 1142 1148 N 29 W 36 F    11      
1997 09 02 1144 1150 N 29 W 37 F    10      
1997 09 02 1228 1244 N 29 W 36 F            
1997 09 02 1529 1536 N 29 W 35 F    13      
1997 09 02 1638 1649 N 29 W 39 F    19      
1997 09 02 2114 2121 N 24 W 36 F    37      
1997 09 02 2358 2406 N 32 W 42 N    90      
1997 09 03 0208 0222 N 32 W 43 F   103      
1997 09 03 0209 0212 N 31 W 43 N   125      
1997 09 03 0640 0650 N 32 W 45 F    45      
1997 09 03 0721 1157 S 29 E 62              
1997 09 03 0900 0914 N 28 W 44 F    60      
1997 09 03 0900 0911 N 29 W 44 F    33      
1997 09 03 1403 1419 S 27 E 60 F            
1997 09 03 1406 1413 S 27 E 58 F    17      
1997 09 03 1511 1543 N 28 W 48 F    27      
1997 09 03 1511 1538 N 26 W 48 F    36      
1997 09 03 1513 1534 N 24 W 46 F    29      
1997 09 03 1528 1552 S 28 W 44 N            
1997 09 03 1604 1616 S 28 E 60 F            
1997 09 03 1712 1716 S 27 E 57 F    14      
1997 09 03 2326 2335 S 26 E 57 F    12      
1997 09 04 1233 1240 N 28 W 60 F    14      
1997 09 04 1854 1859 S 27 E 45 F    18      
1997 09 04 1900 1920 S 27 E 43 F    30      
1997 09 04 2315 2324 S 28 E 43 F    18      
1997 09 05 0001 0024 N 23 E 36 F    32      
1997 09 05 1324 1329 N 27 W 75 F    23      
1997 09 05 1324 1331 N 28 W 73 F    22      
1997 09 05 1552 1556 N 20 E 27 F    13      
1997 09 05 1559 1604 N 20 E 27 F    22      
1997 09 05 1559 1605 N 20 E 27 F    21      
1997 09 05 1925 1946 N 22 E 23 F    48      
1997 09 06 1118 1125 N 21 E 16 F    15      
1997 09 06 1120 1128 N 22 E 18 F            
1997 09 06 1137 1204 N 25 W 86 F            
1997 09 06 1736 1740 S 26 E 86 F    18      
1997 09 07 0611 0621 S 24 E 75 F    68      
1997 09 07 0614 0619 S 31 E 77 F    58      
1997 09 07 0738 0747 S 24 E 75 F    30      
1997 09 07 0945 0951 S 24 E 73 F    21      
1997 09 07 1336 1356 N 21 E 00 F    33      
1997 09 07 1446 1459 S 25 E 68 F    19      
1997 09 07 1551 1554 S 24 E 68 F    20      
1997 09 07 1642 1648 S 24 E 67 F    22      
1997 09 07 1709 1715 S 25 E 66 F    22      
1997 09 07 1739 1750 S 24 E 66 F    13      
1997 09 07 1743 1752 S 26 E 65 F    20      
1997 09 07 1900 1905 S 24 E 66 F    26      
1997 09 07 1916 1922 S 28 E 06 F    18      
1997 09 07 1920 1928 S 24 E 66 F    33      
1997 09 08 0717 0721 S 29 W 02 F    70      
1997 09 08 0908 0924 N 23 E 35 F    18      
1997 09 08 1026 1031 S 25 E 58 F    26      
1997 09 08 1326 1330 S 24 E 54 F            
1997 09 08 1358 1408 S 25 E 60 F            
1997 09 08 1359 1416 S 27 E 60 F    31      
1997 09 08 1359 1410 S 25 E 56 F    33      
1997 09 08 1419 1436 N 23 E 35 F    30      
1997 09 08 1450 1537 N 23 E 35 F    50      
1997 09 08 1518 1554 S 33 E 79 F            
1997 09 08 1608 1618 S 25 E 56 F    21      
1997 09 08 1702 1711 N 21 E 30 F    11      
1997 09 08 1733 1755 S 26 E 54 F    60      
1997 09 08 1744 1754 S 25 E 54 F    62      
1997 09 08 1928 2112 S 28 W 08 F    84      
1997 09 08 2027 2033 N 21 E 29 F    20      
1997 09 08 2029 2033 N 22 E 30 F    18      
1997 09 09 0911 0922 N 21 E 24 F    13      
1997 09 09 0948 1036 S 22 E 44 N   135      
1997 09 09 1352 1418 S 28 W 17 F    14      
1997 09 09 1353 1414 S 27 W 18 F    13      
1997 09 09 1355 1411 S 28 W 18 F            
1997 09 09 1516 1527 S 23 E 42 F    22      
1997 09 09 1751 1755 S 26 W 19 F    18      
1997 09 09 1837 1928 S 24 E 42 F   112      
1997 09 09 1950 1957 S 29 E 45 F    17      
1997 09 09 2303 2308 S 27 W 20 F    22      
1997 09 10 0758 0820 S 28 W 25 F   100      
1997 09 10 0759 0810 S 23 W 32 F    18      
1997 09 10 0801 0813 S 27 W 27 F            
1997 09 10 0846 0854 N 20 E 06 F    28      
1997 09 10 1007 1026 S 24 E 30 N    50      
1997 09 10 1102 1109 N 19 E 05 F    15      
1997 09 10 1302 1310 N 19 E 04 F    11      
1997 09 10 1811 1823 N 22 E 01 F    15      
1997 09 11 1152 1201 S 24 E 22 F    25      
1997 09 11 1153 1201 S 24 E 17 F            
1997 09 11 1335 1344 N 22 W 03 N    30      
1997 09 11 1621 1627 N 24 W 07 F    28      
1997 09 11 2243 2249 N 23 W 08 F    11      
1997 09 11 2323 2327 N 23 W 08 F    32      
1997 09 12 0028 0031 N 22 W 16 F    10      
1997 09 12 0211 0217 N 22 W 17 F    16      
1997 09 12 0800 0804 S 35 W 14 F            
1997 09 12 1411 1429 N 22 W 19 F    11      
1997 09 12 1604 1610 N 24 W 20 F    27      
1997 09 12 1606 1610 N 23 W 18 F    19      
1997 09 12 1731 1737 N 23 W 19 F    18      
1997 09 12 1859 1914 N 23 W 19 F    33      
1997 09 12 2008 2016 N 22 W 20 F    17      
1997 09 13 0628 0638 N 22 W 25 F    14      
1997 09 13 0629 0637 N 22 E 61 F    16      
1997 09 13 0629 0652 N 29 E 61 F    15      
1997 09 13 0629 0637 N 21 W 25 F            
1997 09 13 0653 0730 N 29 E 61 F    20      
1997 09 13 0812 0906 N 23 W 25 F   200      
1997 09 13 0841 0902 N 23 E 61 F    27      
1997 09 13 0841 0853 N 28 E 61 F            
1997 09 13 0942 0955 N 28 E 60 F    13      
1997 09 13 1212 1227 N 22 W 28 F    15      
1997 09 13 1524 1542 N 10 E 52 F    30      
1997 09 13 1531 1542 N 29 E 58 F    26      
1997 09 14 0254 0258 S 23 W 79 F    27      
1997 09 14 0629 0645 S 25 W 18 F    27      
1997 09 14 0954 0958 N 28 E 46 F    17      
1997 09 14 1057 1110 S 24 W 22 F            
1997 09 14 1057 1158 S 25 W 21 F   183      
1997 09 14 1355 1406 N 22 W 42 F    10      
1997 09 14 1701 1708 N 28 E 43 F    27      
1997 09 14 2013 2039 N 22 W 52 F    30      
1997 09 15 0032 0050 N 28 E 37 F    15      
1997 09 15 0206 0224 N 22 W 56 F    76      
1997 09 15 0505 0509 N 28 E 34 F    19      
1997 09 15 0641 0710 N 20 W 53 F    15      
1997 09 15 0644 0708 N 22 W 59 F    50      
1997 09 15 0707 0722 N 27 E 36 F   100      
1997 09 15 0734 0745 N 23 W 52 N    50      
1997 09 15 0735 0743 N 20 W 52 F    45      
1997 09 15 0736 0741 N 22 W 59 F    11      
1997 09 15 0742 0813 S 27 W 30 B   200      
1997 09 15 0801 0851 N 27 E 36 F   150      
1997 09 15 0803 0810 N 28 E 33 F    29      
1997 09 15 1121 1129 N 27 E 36 F    60      
1997 09 15 1126 1142 N 27 E 35 F    26      
1997 09 15 1350 1406 N 22 W 54 F    23      
1997 09 15 1352 1409 N 22 W 62 F    46      
1997 09 15 1358 1416 N 28 E 33 N    76      
1997 09 15 1358 1410 N 27 E 34 N    52      
1997 09 15 1637 1644 N 28 E 29 F    24      
1997 09 15 1641 1656 S 25 W 34 F    34      
1997 09 15 1832 1847 N 28 E 28 F    51      
1997 09 15 1837 1844 N 28 E 30 F    38      
1997 09 15 2039 2052 N 28 E 27 F    31      
1997 09 15 2040 2145 N 19 W 62 F    54      
1997 09 15 2132 2142 N 28 E 28 F    29      
1997 09 16 0701 0706 N 22 W 68 F    27      
1997 09 16 1029 1036 N 23 W 65 N            
1997 09 16 1030 1034 N 23 W 65 F            
1997 09 16 1132 1149 N 30 E 20 N   120      
1997 09 16 2214 2247 N 21 W 74 F    23      
1997 09 17 1053 1057 S 24 W 65 F            
1997 09 17 1137 1205 N 20 W 78 N            
1997 09 17 1138 1210 N 21 W 82 N    78      
1997 09 17 1205 1221 S 24 W 65 F            
1997 09 17 1317 1321 S 24 W 65 F            
1997 09 17 1729 1736 S 26 W 70 F    41      
1997 09 17 1730 1735 S 24 W 70 F    19      
1997 09 17 1749 1808 N 22 W 83 F    58      
1997 09 18 1416 1422 S 25 W 89 N            
1997 09 19 0147 0153 S 17 W 88 F   141      
1997 09 19 0859 0957 S 25 W 90              
1997 09 19 1157 1323 S 25 W 90              
1997 09 20 0834 0837 N 28 W 29 F    15      
1997 09 21 1017 1050 S 44 E 53 F            
1997 09 22 0050 0053 S 25 E 69 F    16      
1997 09 22 0446 0454 S 33 E 45 F    11      
1997 09 22 0530 0552 S 33 E 44 F    27      
1997 09 22 0546 0557 S 53 E 44 F    11      
1997 09 22 0607 0635 S 33 E 44 F    49      
1997 09 22 0612 0646 S 28 E 47 F    29      
1997 09 22 0639 0648 S 32 E 40 F    20      
1997 09 22 0747 0834 S 28 E 46 F    25      
1997 09 22 0805 0932 S 29 E 45 N   300      
1997 09 22 0907 0930 S 30 E 44 N   177      
1997 09 22 0912 0936 S 28 E 46 N   113      
1997 09 22 1025 1103 S 29 E 45 N   100      
1997 09 22 1122 1128 S 21 E 66 F            
1997 09 22 1412 1451 S 28 E 43 F    56      
1997 09 22 1640 1645 S 28 E 42 F    13      
1997 09 22 1811 1824 S 28 E 40 F    54      
1997 09 22 2106 2110 S 29 E 42 F    11      
1997 09 23 0317 0322 S 29 E 38 F    12      
1997 09 23 0325 0331 S 29 E 38 F    11      
1997 09 23 0341 0354 S 29 E 38 F    18      
1997 09 23 0354 0402 S 29 E 38 F    18      
1997 09 23 0418 0437 S 27 E 33 N    48      
1997 09 23 0447 0513 S 27 E 32 N    32      
1997 09 23 0707 0717 S 29 E 36 F    11      
1997 09 23 0905 0947 S 28 E 30 F    30      
1997 09 23 0948 1000 S 28 E 30 F    50      
1997 09 23 1547 1559 S 28 E 30 N    50      
1997 09 23 1550 1601 S 28 E 28 F    18      
1997 09 23 1845 1850 S 29 E 30 F    14      
1997 09 23 1903 1921 S 28 E 29 F    22      
1997 09 24 0247 0309 S 31 E 19 B   167      
1997 09 24 0530 0558 S 28 E 21 B    48      
1997 09 24 0534 0543 S 29 E 15 F    39      
1997 09 24 0656 0718 S 29 E 21 N   140      
1997 09 24 0659 0715 S 29 E 24 N            
1997 09 24 0847 0919 S 29 E 21 N    50      
1997 09 24 0911 0927 S 30 E 23 N            
1997 09 24 0911 0923 S 29 E 13 N    42      
1997 09 24 1022 1033 S 30 E 20 F   100      
1997 09 24 1023 1035 S 30 E 23 F            
1997 09 24 1101 1123 S 30 E 20 B   250      
1997 09 24 1103 1123 S 30 E 21 F            
1997 09 24 1425 1430 S 25 E 49 F    20      
1997 09 24 1825 1854 S 29 E 15 N   172      
1997 09 24 1827 1855 S 29 E 16 N   160      
1997 09 24 2315 2321 S 28 E 09 F    12      
1997 09 25 0038 0046 S 29 E 05 F    29      
1997 09 25 0319 0345 S 29 E 04 N    83      
1997 09 25 0322 0342 S 29 E 10 N   113      
1997 09 25 1143 1209 S 28 E 05 N   250      
1997 09 25 1143 1223 S 27 E 02 N   135      
1997 09 25 1204 1228 S 29 E 04 N            
1997 09 26 0315 0340 S 28 W 08 B   162      
1997 09 28 0954 0956 S 30 W 30 F            
1997 09 29 1129 1129 S 26 W 15 F            
1997 09 29 1231 1235 S 30 W 50 F            
1997 09 29 1234 1239 S 31 W 52 F    27      
1997 09 29 1253 1300 S 25 W 19 F   400      
1997 09 29 1623 1636 S 32 W 52 N    67      
1997 09 29 1623 1636 S 33 W 53 N    70      
1997 10 01 1127 1152 N 20 E 90 F            
1997 10 01 1448 1538 N 23 E 50 F            
1997 10 02 0242 0256 S 35 E 54 F    36      
1997 10 02 1300 1306 N 24 E 67 F    14      
1997 10 03 0521 0528 N 18 E 55 F    24      
1997 10 03 1155 1216 N 22 E 60 F            
1997 10 03 1157 1205 N 20 E 58 F    14      
1997 10 03 1212 1216 N 21 E 60 F            
1997 10 05 1753 1809 N 18 E 22 F    28      
1997 10 06 0857 0901 N 25 E 12 F            
1997 10 09 1109 1133 N 22 E 37 F            
1997 10 09 1149 1217 N 24 E 36 F    13      
1997 10 10 0349 0411 N 24 E 27 F    27      
1997 10 11 0845 0921 N 23 E 12 N            
1997 10 11 0850 0914 N 22 E 14 F    39      
1997 10 13 0043 0050 N 22 W 50 F    22      
1997 10 13 2314 2340 N 28 W 63 N   115      
1997 10 13 2314 2338 N 22 W 63 F   116      
1997 10 14 2115 2125 N 13 E 64 F    34      
1997 10 16 1723 1731 N 20 E 85 F    21      
1997 10 17 0459 0504 N 31 W 50 F    10      
1997 10 17 0541 0547 N 31 W 50 F    18      
1997 10 17 1419 1430 N 32 W 56 F    32      
1997 10 21 1733 1819 N 16 E 07 F    88      
1997 10 21 1733 1819 N 16 E 07 F    86      
1997 10 25 1356 1423 N 20 E 71 F            
1997 10 27 1019 1024 S 20 E 75 F            
1997 10 27 1149 1156 N 21 E 46 F    31      
1997 10 28 0334 0347 S 28 E 68 N    57      
1997 10 28 1254 1326 S 20 E 65 F            
1997 10 28 1255 1316 S 22 E 61 F   101      
1997 10 29 0748 0807 N 30 W 01 F            
1997 10 30 1106 1126 S 20 E 40 F            
1997 10 30 1520 1532 S 20 E 34 F    29      
1997 10 30 1609 1614 S 19 E 33 F    12      
1997 10 31 1938 1942 S 20 E 16 F    23      
1997 10 31 1938 1943 S 20 E 16 F    23      
1997 11 01 0109 0122 S 18 E 10 F    70      
1997 11 01 0457 0513 S 19 E 08 F    14      
1997 11 02 0302 0311 S 20 E 01 B    58      
1997 11 02 0921 0929 S 16 W 07 F            
1997 11 02 0922 0927 S 15 W 10 F    30      
1997 11 02 1131 1136 S 17 W 06 F    15      
1997 11 02 1743 1746 S 20 W 07 F    14      
1997 11 02 1825 1839 S 20 W 08 F    24      
1997 11 02 1831 1837 S 16 W 17 F    10      
1997 11 02 1902 1913 S 20 W 09 F    16      
1997 11 02 2022 2026 S 22 W 10 F    13      
1997 11 02 2046 2101 S 18 W 11 F    34      
1997 11 02 2102 2115 S 15 W 16 F    37      
1997 11 02 2117 2130 S 20 W 09 F    28      
1997 11 02 2253 2311 S 20 W 10 F    12      
1997 11 02 2326 2342 S 19 W 13 F    18      
1997 11 03 0038 0056 S 20 W 11 F    37      
1997 11 03 0117 0124 S 20 W 11 F    14      
1997 11 03 0148 0213 S 20 W 11 F    56      
1997 11 03 0434 0502 S 20 W 13 B    82      
1997 11 03 0757 0809 S 16 W 24 F            
1997 11 03 0815 0822 S 18 W 20 F            
1997 11 03 0816 0828 S 20 W 15 F    21      
1997 11 03 0832 0841 S 18 W 19 F    60      
1997 11 03 0905 0925 S 16 W 18 N            
1997 11 03 0906 0923 S 20 W 15 B   175      
1997 11 03 0922 0942 S 17 W 21 N            
1997 11 03 0929 0933 S 22 W 12 F            
1997 11 03 1021 1049 S 17 W 22 N            
1997 11 03 1213 1221 S 16 W 27 F            
1997 11 03 1222 1233 S 18 W 20 F    36      
1997 11 03 1225 1237 S 19 W 19 F            
1997 11 03 1237 1237 S 21 W 13 F            
1997 11 03 1249 1257 S 18 W 21 F            
1997 11 03 1349 1349 S 16 W 27 F            
1997 11 03 1349 1356 S 18 W 20 F    18      
1997 11 03 1357 1401 S 20 W 16 F            
1997 11 03 1702 1717 S 17 W 26 F    42      
1997 11 03 1704 1713 S 17 W 28 F    21      
1997 11 03 1809 1850 S 19 W 20 F    40      
1997 11 03 1842 1858 S 19 W 21 F    34      
1997 11 03 1901 1922 S 20 W 21 F    72      
1997 11 03 1955 2109 S 19 W 20 F    84      
1997 11 03 2114 2121 S 20 W 22 F    18      
1997 11 03 2122 2203 S 19 W 22 F    63      
1997 11 03 2220 2337 S 19 W 23 N    70      
1997 11 03 2231 2330 S 20 W 23 N   103      
1997 11 03 2336 2352 S 20 W 23 F    43      
1997 11 03 2356 2401 S 20 W 23 F    28      
1997 11 04 0040 0050 S 20 W 24 F    46      
1997 11 04 0056 0121 S 20 W 24 F    16      
1997 11 04 0128 0201 S 20 W 24 N   124      
1997 11 04 0303 0500 S 20 W 25 F   218      
1997 11 04 0404 0440 S 19 W 25 B   402      
1997 11 04 0509 0516 N 20 E 23 F    13      
1997 11 04 0510 0551 S 13 W 33 F    30      
1997 11 04 0525 0551 S 16 W 26 N   514      
1997 11 04 0547 0600 N 19 E 21 F    20      
1997 11 04 0554 0648 S 14 W 34 B   678      
1997 11 04 0649 0658 N 19 E 21 F    15      
1997 11 04 0715 0728 S 20 W 27 F    27      
1997 11 04 0806 0827 S 20 W 28 F    29      
1997 11 04 1117 1137 S 19 W 31 F    12      
1997 11 04 1124 1151 N 22 E 14 F    24      
1997 11 04 1247 1256 S 20 W 29 F    21      
1997 11 04 1257 1308 S 19 W 29 F    47      
1997 11 04 1449 1453 S 19 W 31 F    48      
1997 11 04 1455 1500 N 21 E 16 F    16      
1997 11 04 1523 1534 N 21 E 17 F    20      
1997 11 04 1536 1542 N 21 E 17 F    10      
1997 11 04 1604 1625 N 21 E 16 F    10      
1997 11 04 1730 1739 S 19 W 32 F    31      
1997 11 04 1731 1747 S 18 W 31 F    75      
1997 11 04 1759 1804 S 18 W 36 F    17      
1997 11 04 1806 1810 S 18 W 37 F    38      
1997 11 04 1814 1829 S 20 W 36 F    12      
1997 11 04 1814 1820 S 18 W 37 F    28      
1997 11 04 1837 1855 S 18 W 37 F    20      
1997 11 04 1847 1854 N 21 E 15 F    10      
1997 11 04 1855 1906 N 21 E 14 F    17      
1997 11 04 1928 1935 S 19 W 36 F    13      
1997 11 04 2026 2047 S 19 W 36 F    24      
1997 11 04 2101 2105 S 18 W 38 F    32      
1997 11 04 2326 2339 S 18 W 39 F    16      
1997 11 05 0157 0207 S 20 W 38 F    39      
1997 11 05 0208 0212 S 13 W 47 F    34      
1997 11 05 0218 0234 S 12 W 48 F    17      
1997 11 05 0234 0240 S 13 W 47 F    17      
1997 11 05 0247 0258 N 21 E 08 F    23      
1997 11 05 0333 0354 S 14 W 44 N   201      
1997 11 05 0337 0344 S 11 W 47 F    14      
1997 11 05 0403 0423 S 17 W 39 B   273      
1997 11 05 0405 0414 S 16 W 38 F    34      
1997 11 05 0418 0428 S 20 W 40 F    38      
1997 11 05 0622 0713 S 13 W 49 N   136      
1997 11 05 0803 0815 S 20 W 42 F    17      
1997 11 05 1003 1015 S 21 W 44 F            
1997 11 05 1523 1556 S 20 W 45 F    26      
1997 11 05 1631 1637 S 19 W 46 F    18      
1997 11 05 1841 1916 N 22 W 02 F    30      
1997 11 05 1856 1916 N 23 W 02 F    25      
1997 11 05 1923 1932 S 19 W 50 F    13      
1997 11 05 1937 1944 S 19 W 49 F    11      
1997 11 05 2012 2028 S 19 W 51 F    13      
1997 11 05 2323 2417 N 22 W 03 F    48      
1997 11 05 2325 2344 S 19 W 54 F   192      
1997 11 06 0052 0118 S 20 W 51 F    61      
1997 11 06 0119 0136 N 22 W 05 F    20      
1997 11 06 0219 0223 S 20 W 52 F    28      
1997 11 06 0314 0331 S 15 W 56 F   107      
1997 11 06 0522 0546 N 22 W 05 F    51      
1997 11 06 0929 0946 S 15 W 59 F    13      
1997 11 06 1122 1244 S 18 W 63 B   353      
1997 11 06 1415 1419 S 19 W 60 F    44      
1997 11 07 0013 0023 S 15 W 67 F    22      
1997 11 07 0919 0939 N 22 W 21 F    36      
1997 11 07 1125 1145 N 29 E 79 F    24      
1997 11 07 1329 1337 N 29 E 80 F    33      
1997 11 09 1622 1643 N 21 W 53 F    17      
1997 11 10 0525 0544 N 22 W 59 F    27      
1997 11 10 0546 0559 N 22 W 59 F    22      
1997 11 10 0601 0608 N 22 W 59 F    20      
1997 11 10 0703 0717 N 22 W 60 F    35      
1997 11 11 0526 0530 N 26 W 71 F    14      
1997 11 11 0716 0723 N 24 W 70 F    25      
1997 11 11 0716 0737 N 21 W 70 F    32      
1997 11 11 0955 1002 N 29 W 36 F    24      
1997 11 11 1022 1024 N 18 W 76 F    32      
1997 11 11 1024 1032 N 20 W 74 F            
1997 11 11 1139 1146 N 22 W 74 F    15      
1997 11 11 1209 1221 N 22 W 75 F    18      
1997 11 11 1253 1300 N 21 W 76 F    13      
1997 11 11 1310 1347 N 22 W 77 F    24      
1997 11 13 1742 1800 N 30 W 66 F    46      
1997 11 13 1931 1936 N 29 W 67 F    11      
1997 11 14 0127 0132 N 21 E 74 F    40      
1997 11 14 0938 0947 N 12 E 72 F    12      
1997 11 14 0942 0947 N 21 E 70 F    23      
1997 11 14 0954 1021 N 14 E 75 F    31      
1997 11 14 1004 1040 N 19 E 76 F    17      
1997 11 14 1508 1513 N 29 W 75 F    11      
1997 11 14 1516 1531 N 17 E 70 F    56      
1997 11 14 1517 1522 N 16 E 70 F    32      
1997 11 14 1913 1918 N 16 E 68 F    51      
1997 11 14 2147 2150 N 19 E 74 F    16      
1997 11 15 0133 0145 N 19 E 64 F    33      
1997 11 15 0145 0201 N 19 E 64 F    59      
1997 11 15 1155 1159 N 30 W 83 F    43      
1997 11 15 1158 1202 N 30 W 81 F            
1997 11 15 2236 2330 N 16 E 55 N   188      
1997 11 15 2237 2338 N 20 E 64 N   231      
1997 11 16 0123 0134 N 18 E 56 F    16      
1997 11 16 2130 2137 N 18 E 46 F    13      
1997 11 16 2158 2202 N 18 E 46 F    18      
1997 11 17 0022 0027 N 15 E 42 F    19      
1997 11 17 0337 0342 S 22 E 61 F    15      
1997 11 17 0606 0612 N 16 E 43 F    12      
1997 11 17 0635 0649 N 17 E 39 F    14      
1997 11 17 0651 0656 N 17 E 39 F    12      
1997 11 17 1459 1522 N 21 E 30 F    85      
1997 11 17 2010 2014 N 19 E 31 F    17      
1997 11 17 2209 2213 N 22 E 26 F    22      
1997 11 17 2215 2231 N 23 E 26 F    21      
1997 11 18 0645 0656 N 18 E 27 F    12      
1997 11 18 0831 0848 N 20 E 24 F    10      
1997 11 18 0939 0939 N 19 E 22 F            
1997 11 18 0943 0951 N 18 E 26 F            
1997 11 18 1143 1155 S 19 E 47 F            
1997 11 18 1145 1223 S 19 E 46 F    23      
1997 11 19 1357 1412 N 24 E 05 F    18      
1997 11 20 0021 0032 N 20 E 09 F    31      
1997 11 20 1114 1118 N 22 W 06 F            
1997 11 20 2210 2230 N 21 W 08 F    59      
1997 11 20 2309 2318 N 21 W 09 F    14      
1997 11 21 0625 0632 N 23 W 12 F    26      
1997 11 21 0633 0647 N 23 W 11 F    19      
1997 11 21 0832 0837 N 23 W 13 F    10      
1997 11 21 0954 1002 N 23 W 14 F    26      
1997 11 21 1133 1142 N 22 W 17 F    36      
1997 11 21 1248 1336 N 22 W 17 F    70      
1997 11 21 1528 1534 N 21 W 19 F    21      
1997 11 21 1552 1606 N 19 W 22 F    41      
1997 11 21 1600 1605 N 22 W 17 F    18      
1997 11 21 1620 1627 N 22 W 18 F    17      
1997 11 21 1659 1712 N 21 W 18 F    42      
1997 11 21 1755 1803 N 22 W 19 F    25      
1997 11 21 1820 1834 N 22 W 19 F    33      
1997 11 21 1837 1844 N 22 W 20 F    23      
1997 11 21 1908 1913 N 22 W 20 F    14      
1997 11 22 1204 1218 S 17 W 12 F    12      
1997 11 22 1204 1220 S 18 W 12 F            
1997 11 22 2243 2256 N 20 W 30 F    46      
1997 11 23 0239 0259 N 22 W 40 F    24      
1997 11 23 0300 0303 N 22 W 39 F    16      
1997 11 23 0311 0325 N 23 W 38 F    22      
1997 11 23 1254 1308 N 19 W 45 F    25      
1997 11 23 1537 1558 N 19 W 49 F    16      
1997 11 23 2306 2316 N 20 W 53 F    20      
1997 11 24 0002 0008 N 23 W 49 F    19      
1997 11 24 0358 0410 N 22 W 54 N   363      
1997 11 24 0358 0418 N 23 W 51 F   202      
1997 11 24 1242 1249 N 21 W 58 F    29      
1997 11 24 1252 1257 N 21 W 63 F    28      
1997 11 25 0822 0826 N 18 E 85 F            
1997 11 25 1249 1255 N 20 W 73 F    18      
1997 11 26 0148 0154 N 13 E 90 F    38      
1997 11 26 0226 0231 N 13 E 90 F    19      
1997 11 26 0442 0444 N 13 E 85 F    24      
1997 11 26 0751 0759 N 18 E 85 F            
1997 11 26 1754 1819 N 16 E 74 F    76      
1997 11 26 1828 1844 N 16 E 75 F    72      
1997 11 26 1917 1922 N 17 E 76 F    23      
1997 11 26 2210 2224 N 18 E 79 F    30      
1997 11 27 0115 0119 N 19 E 75 F    15      
1997 11 27 0642 0648 N 12 E 67 F    18      
1997 11 27 0823 0831 N 13 E 67 F            
1997 11 27 1031 1039 N 26 E 85 F            
1997 11 27 1301 1338 N 16 E 63 B   419      
1997 11 27 1613 1622 N 19 E 67 F    10      
1997 11 27 1613 1639 N 18 E 70 F    84      
1997 11 27 1623 1627 N 19 E 65 F    14      
1997 11 27 1955 2004 N 18 E 60 F    28      
1997 11 28 0019 0045 N 13 E 55 F   115      
1997 11 28 0456 0633 N 15 E 61 B   278      
1997 11 28 1126 1326 S 16 E 12 N            
1997 11 28 1136 1315 S 15 E 18 F    90      
1997 11 28 1154 1210 N 24 E 62 F    22      
1997 11 28 1320 1325 S 16 E 07 F    11      
1997 11 28 1513 1520 N 19 E 54 F    29      
1997 11 28 1541 1549 N 19 E 54 F    13      
1997 11 28 1740 1744 N 19 E 53 F    19      
1997 11 28 1750 1808 N 19 E 53 F    16      
1997 11 28 1814 1856 N 19 E 54 F    21      
1997 11 28 1920 1951 N 19 E 52 F    42      
1997 11 28 1928 1933 N 20 E 50 F    10      
1997 11 29 0506 0520 N 15 E 49 F    38      
1997 11 29 0922 0950 N 18 E 47 F    49      
1997 11 29 1732 1748 N 19 E 38 F    25      
1997 11 29 1931 1950 N 15 E 33 F    52      
1997 11 29 2016 2021 N 20 E 38 F    14      
1997 11 29 2016 2020 N 20 E 37 F    14      
1997 11 29 2232 2358 N 17 E 38 B   306      
1997 11 30 0333 0339 N 17 E 38 F    31      
1997 11 30 0653 0707 N 18 E 32 F   108      
1997 11 30 0708 0718 N 18 E 32 F    24      
1997 11 30 1240 1259 N 18 E 28 F    15      
1997 11 30 1403 1410 N 17 E 22 F    15      
1997 11 30 1834 1840 N 16 E 20 F    18      
1997 11 30 1910 1923 N 16 E 19 F    21      
1997 12 01 0028 0039 N 17 E 27 F    18      
1997 12 01 0039 0042 N 18 E 27 F    13      
1997 12 01 0130 0142 N 17 E 27 F    22      
1997 12 01 0235 0331 N 19 E 27 N   105      
1997 12 01 0439 0444 N 19 E 26 F    12      
1997 12 01 0929 0935 N 19 E 18 F    24      
1997 12 01 0952 1001 N 18 E 17 F    16      
1997 12 01 1139 1151 N 18 E 16 F    12      
1997 12 01 1226 1249 N 20 E 19 F    13      
1997 12 01 1326 1346 N 19 E 17 N    76      
1997 12 01 1326 1344 N 20 E 19 F    69      
1997 12 01 1845 1855 N 20 E 16 F    11      
1997 12 01 1910 2005 N 18 E 12 F   141      
1997 12 02 0536 0550 N 19 E 08 F    75      
1997 12 02 0653 0658 N 19 E 08 F    12      
1997 12 03 0058 0137 N 19 W 02 F    45      
1997 12 03 0326 0402 N 19 W 03 F    50      
1997 12 03 0330 0415 N 20 W 02 N    80      
1997 12 03 0403 0411 N 19 W 04 F    11      
1997 12 03 0412 0446 N 19 W 04 F    26      
1997 12 03 0505 0512 N 19 W 04 F    11      
1997 12 03 0706 0734 N 19 W 06 F    44      
1997 12 03 0709 0723 N 20 W 04 F    80      
1997 12 03 1404 1416 N 19 W 10 F    13      
1997 12 03 2222 2242 N 22 W 10 F    10      
1997 12 04 0127 0133 N 20 W 15 F    16      
1997 12 04 0543 0604 N 21 W 17 F    25      
1997 12 04 2329 2344 N 22 W 25 F    13      
1997 12 06 0840 0900 N 19 W 44 F            
1997 12 06 0853 0909 N 18 W 44 F    64      
1997 12 07 0543 0606 S 28 W 40 F    32      
1997 12 07 0949 1001 S 30 W 41 F            
1997 12 10 0529 0541 N 32 W 15 N   145      
1997 12 10 1019 1027 N 28 W 19 F            
1997 12 11 0409 0428 N 31 W 29 N    48      
1997 12 12 0607 0613 N 32 W 05 F    19      
1997 12 12 0709 0739 N 34 W 41 N    46      
1997 12 12 0747 0817 N 29 W 10 B   193      
1997 12 12 0857 0905 N 30 W 08 F    13      
1997 12 12 0920 0935 N 32 W 43 F            
1997 12 12 1151 1202 N 31 W 43 F            
1997 12 12 2224 2233 N 25 W 52 F    12      
1997 12 12 2236 2242 N 26 W 52 F    15      
1997 12 14 0056 0101 N 29 W 65 F    37      
1997 12 14 1537 1710 N 29 W 41 F    24      
1997 12 14 1541 1555 N 29 W 41 F    22      
1997 12 15 0351 0357 N 18 E 58 F    11      
1997 12 15 1218 1221 N 18 E 51 F    21      
1997 12 15 1221 1233 N 17 E 53 F    14      
1997 12 15 1353 1357 N 17 E 53 F    14      
1997 12 15 1842 1900 N 16 E 50 F    61      
1997 12 15 1936 1941 N 17 E 49 F    17      
1997 12 15 1946 1953 N 17 E 48 F    16      
1997 12 16 1128 1139 N 28 W 50 F    23      
1997 12 19 0706 0724 N 18 E 02 N    25      
1997 12 21 2052 2059 S 21 W 63 F    22      
1997 12 22 0830 0834 S 24 E 64 F    11      
1997 12 22 1524 1546 S 24 E 58 F    24      
1997 12 24 1611 1616 S 22 E 25 F    20      
1997 12 24 1908 1911 N 24 E 72 F    26      
1997 12 25 0212 0218 S 22 E 23 F    10      
1997 12 25 0955 0959 S 23 E 21 F            
1997 12 25 0955 1000 S 22 E 18 F    16      
1997 12 26 0409 0418 S 24 E 14 F    25      
1997 12 26 0553 0608 S 21 E 15 N   161      
1997 12 26 0554 0611 S 22 E 07 F    46      
1997 12 27 0500 0512 N 29 W 49 N    32      
1997 12 27 1632 1704 S 23 W 06 F   143      
1997 12 28 1751 1756 S 22 W 25 F    18      
1997 12 29 0737 0743 S 23 W 28 F            
1997 12 29 1216 1223 N 18 E 10 F    31      
1997 12 30 0550 0601 S 22 W 47 B    64      
1997 12 30 0552 0605 N 18 W 01 N    32      
1997 12 31 0659 0714 N 18 W 12 F    45      
1997 12 31 1519 1532 N 18 W 19 F    21      
1997 12 31 1827 1831 S 21 W 63 F    12      
1997 12 31 1843 1851 S 22 W 63 F    42      
1997 12 31 1843 1852 S 22 W 63 F    46      
1997 12 31 2022 2044 S 22 W 62 F    15      
