2004 01 01 0411 0418 S 07 E 40 F    16      
2004 01 01 2240 2245 S 07 E 73 F    31      
2004 01 02 0254 0311 S 04 E 28 F    37      
2004 01 03 0559 0611 S 14 E 64 F    15      
2004 01 03 0844 0850 S 14 E 63 F    33      
2004 01 03 0845 0848 S 12 E 62 F            
2004 01 04 1511 1544 S 06 E 45 F    32      
2004 01 05 1106 1134 S 12 E 30 F            
2004 01 05 1223 1242 S 12 E 33 F            
2004 01 06 2235 2241 S 11 E 03 F    12      
2004 01 07 1019 1050 N 06 E 76 N            
2004 01 07 1520 1525 N 04 E 68 F    24      
2004 01 08 0410 0420 N 02 E 64 F    18      
2004 01 08 0427 0434 N 02 E 64 F    11      
2004 01 08 0455 0554 N 01 E 64 N   124      
2004 01 09 0334 0339 N 01 E 49 F    21      
2004 01 09 0506 0518 N 05 E 46 F    54      
2004 01 09 1841 1849 N 08 E 42 F    42      
2004 01 09 1855 1906 S 07 W 29 F    12      
2004 01 10 0118 0124 S 12 W 31 F    12      
2004 01 10 0328 0346 S 12 W 29 F    41      
2004 01 10 0420 0452 S 11 W 30 F   100      
2004 01 10 0508 0540 S 13 W 32 F    56      
2004 01 10 1000 1009 N 06 E 30 F    11      
2004 01 11 0318 0325 S 11 W 43 F    19      
2004 01 11 0416 0421 S 11 W 40 F    22      
2004 01 11 0721 0724 S 11 W 47 F    41      
2004 01 11 1013 1016 N 03 E 16 F            
2004 01 12 0348 0352 S 11 W 56 F    13      
2004 01 12 0838 0848 S 11 W 59 F    26      
2004 01 12 2352 2406 S 10 W 68 F    14      
2004 01 13 0244 0253 S 06 W 75 F    17      
2004 01 13 0608 0625 N 03 W 06 F    20      
2004 01 15 0624 0643 S 16 E 52 F   111      
2004 01 16 0119 0128 N 05 W 47 F    70      
2004 01 17 0342 0405 S 15 E 28 F    17      
2004 01 17 0756 0813 S 15 E 26 F    26      
2004 01 17 0914 0923 S 12 E 20 F    29      
2004 01 17 0914 0924 S 12 E 20 F    36      
2004 01 17 0938 0950 N 05 W 64 F    89      
2004 01 18 0014 0030 S 15 E 19 N   109      
2004 01 18 0558 0603 S 16 E 16 F    13      
2004 01 18 1348 1356 N 05 W 83 F    44      
2004 01 19 0529 0543 S 17 E 05 F    60      
2004 01 19 0658 0703 S 15 W 01 F    14      
2004 01 19 1958 2024 S 15 W 03 F    96      
2004 01 19 2346 2537 S 13 W 09 F    71      
2004 01 20 0734 0810 S 16 W 12 N   328      
2004 01 21 0025 0059 S 16 W 12 F    51      
2004 01 25 2227 2249 N 11 W 70 F    23      
2004 01 25 2232 2248 S 18 W 72 F    64      
2004 02 01 0252 0302 N 08 E 64 F    51      
2004 02 01 0601 0607 N 11 E 70 F    14      
2004 02 03 1012 1016 N 12 E 37 F            
2004 02 03 1338 1346 S 06 E 55 F            
2004 02 04 1115 1138 S 05 W 48 F   111      
2004 02 05 0031 0050 S 07 W 55 F    29      
2004 02 05 0631 0646 N 11 E 14 F    38      
2004 02 05 0752 0803 S 05 W 60 F    14      
2004 02 05 0753 0802 S 04 W 60 F    11      
2004 02 08 2028 2042 S 08 E 70 F    25      
2004 02 08 2044 2059 S 08 E 68 F    36      
2004 02 08 2143 2147 S 07 E 67 F    12      
2004 02 08 2347 2356 S 07 E 65 F    11      
2004 02 09 0549 0556 S 12 E 62 F    21      
2004 02 09 0557 0602 S 12 E 63 F    14      
2004 02 09 0602 0609 S 12 E 62 F    14      
2004 02 09 1253 1311 S 08 E 57 F            
2004 02 09 1357 1414 S 08 E 56 F            
2004 02 09 1508 1514 S 09 E 57 F    10      
2004 02 14 1137 1139 N 17 W 17 F            
2004 02 16 0258 0303 N 16 W 43 F    21      
2004 02 22 0313 0322 N 12 E 38 F    20      
2004 02 22 0357 0415 N 14 E 38 F    58      
2004 02 22 0448 0457 N 14 E 38 F    13      
2004 02 22 0548 0609 N 14 E 37 F    27      
2004 02 22 0609 0616 N 14 E 37 F    14      
2004 02 22 0627 0650 N 14 E 37 F    22      
2004 02 22 0650 0656 N 14 E 37 F    15      
2004 02 22 0658 0802 N 12 E 34 F    47      
2004 02 22 0822 0826 N 14 E 36 F    12      
2004 02 22 1915 1917 N 14 E 28 F    25      
2004 02 24 0555 0559 N 16 E 12 F    21      
2004 02 24 2325 2330 N 13 E 02 F    15      
2004 02 25 0022 0056 N 16 E 02 F    15      
2004 02 25 0058 0106 N 16 E 02 F    29      
2004 02 25 0205 0219 N 16 E 01 F    92      
2004 02 25 0426 0430 N 13 W 03 F    16      
2004 02 25 0508 0521 N 14 W 03 F    26      
2004 02 25 0526 0535 N 14 W 03 F    26      
2004 02 25 0635 0640 S 05 E 15 F    14      
2004 02 25 1218 1230 N 13 W 06 F            
2004 02 25 1615 1632 N 13 W 09 F    10      
2004 02 25 2309 2337 N 14 W 16 F    40      
2004 02 26 0103 0119 N 14 W 14 F    35      
2004 02 26 0154 0244 N 14 W 15 N   336      
2004 02 26 0445 0500 N 14 W 15 F    29      
2004 02 26 2012 2037 N 14 W 25 F    48      
2004 02 26 2217 2306 N 14 W 26 N   149      
2004 03 04 1004 1014 S 14 W 18 F            
2004 03 05 1223 1227 S 12 W 38 F            
2004 03 06 0700 0710 S 12 W 43 F    15      
2004 03 09 0434 0441 S 13 E 41 F    13      
2004 03 09 0644 0658 S 16 E 43 F    27      
2004 03 10 2301 2306 S 12 E 17 F    15      
2004 03 10 2302 2305 S 13 E 19 F    11      
2004 03 11 0214 0225 S 17 E 15 F    24      
2004 03 12 0237 0243 S 16 W 04 F    72      
2004 03 12 2333 2357 S 14 W 08 F    30      
2004 03 13 1130 1133 S 11 W 18 F            
2004 03 13 1353 1358 S 10 W 20 F            
2004 03 17 0753 0814 S 04 E 63 F            
2004 03 17 0831 0843 S 04 E 63 F    53      
2004 03 17 0831 0842 S 04 E 63 F            
2004 03 17 0920 0925 N 19 W 64 F            
2004 03 17 1612 1625 S 04 E 59 F            
2004 03 17 2137 2142 S 04 E 57 F    13      
2004 03 18 0518 0537 S 08 E 52 F   140      
2004 03 18 0612 0644 S 06 E 50 F    94      
2004 03 18 0627 0645 S 03 E 50 F            
2004 03 18 0947 0953 S 04 E 49 F            
2004 03 18 1926 1930 N 18 E 83 F    23      
2004 03 18 2205 2259 N 12 E 79 F    55      
2004 03 18 2305 2310 N 12 E 79 F    22      
2004 03 19 0415 0422 S 06 E 37 F    35      
2004 03 19 0604 0613 N 11 E 71 F    17      
2004 03 19 0609 0614 S 06 E 36 F    32      
2004 03 19 0845 0858 S 05 E 37 F    34      
2004 03 19 0846 0902 S 05 E 37 F    47      
2004 03 19 1304 1328 N 16 E 68 F            
2004 03 19 1509 1517 S 04 E 32 F            
2004 03 20 0626 0630 N 14 E 56 F    15      
2004 03 21 0002 0023 N 15 E 46 F    33      
2004 03 21 0115 0121 N 15 E 48 F    11      
2004 03 21 1632 1642 N 16 E 39 F    10      
2004 03 22 0552 0605 S 04 W 01 F    19      
2004 03 22 0609 0649 S 04 W 02 F    70      
2004 03 22 0611 0640 S 04 W 02 F    35      
2004 03 23 0036 0051 N 14 E 19 F    21      
2004 03 23 0705 0747 S 03 W 15 F    13      
2004 03 24 1421 1442 N 00 W 06 F    39      
2004 03 24 2325 2339 N 14 E 80 F    63      
2004 03 24 2325 2339 N 13 E 82 F    63      
2004 03 25 0431 0446 N 12 E 82 F    32      
2004 03 25 0649 0658 N 15 E 73 F    16      
2004 03 25 0703 0722 N 15 E 73 F    73      
2004 03 25 2325 2334 N 15 E 89 F    50      
2004 03 27 0655 0659 N 16 E 52 F    12      
2004 03 28 0346 0402 S 13 E 48 F    22      
2004 03 29 0419 0426 N 15 E 25 F    21      
2004 03 29 0430 0440 N 16 E 25 F    25      
2004 03 29 1252 1312 N 16 E 20 F            
2004 03 29 1547 1600 N 15 E 17 F            
2004 03 29 1843 1850 N 16 E 16 F    39      
2004 03 29 1958 2002 N 15 E 16 F    53      
2004 03 29 2006 2012 N 15 E 15 F    23      
2004 03 29 2322 2334 N 16 E 14 F    95      
2004 03 29 2326 2336 N 16 E 16 F   111      
2004 03 30 0153 0203 N 14 E 12 F    79      
2004 03 30 0249 0304 N 12 E 11 F    59      
2004 03 30 0310 0315 N 13 E 11 F    38      
2004 03 30 0345 0350 N 15 E 12 F    10      
2004 03 30 0507 0533 N 13 E 13 F    70      
2004 03 30 0539 0544 N 12 E 09 F    15      
2004 03 30 1757 1802 N 16 E 02 F    21      
2004 03 30 2136 2141 N 16 E 00 F    13      
2004 03 30 2258 2334 S 05 E 02 F    57      
2004 03 30 2311 2349 S 06 E 02 F    76      
2004 03 31 0013 0027 N 13 W 02 F    66      
2004 03 31 0038 0053 N 09 E 01 F    22      
2004 03 31 0601 0617 N 16 W 02 F    77      
2004 03 31 0929 0959 N 11 W 06 F    49      
2004 03 31 0937 0944 N 11 W 07 F    49      
2004 03 31 1046 1341 N 10 W 09 F            
2004 03 31 1359 1417 N 11 W 09 F            
2004 03 31 1509 1521 N 12 W 11 F    52      
2004 03 31 2005 2016 N 16 W 10 F    82      
2004 04 03 1031 1041 S 17 E 58 F            
2004 04 05 0535 0642 S 18 E 35 F    64      
2004 04 06 0535 0547 S 19 E 24 F    40      
2004 04 06 0723 0729 S 18 E 21 F    13      
2004 04 06 1315 1416 S 15 E 24 F   128      
2004 04 06 1318 1405 S 18 E 15 F    79      
2004 04 08 0818 0835 S 16 W 06 F            
2004 04 08 1003 1024 S 15 W 11 F    18      
2004 04 08 1007 1117 S 16 W 09 F            
2004 04 09 2019 2101 S 17 W 29 F    44      
2004 04 10 0128 0146 N 10 E 01 F    10      
2004 04 11 0400 0451 S 14 W 47 F   194      
2004 04 12 0224 0235 S 17 W 54 F    42      
2004 04 14 0744 0747 S 16 W 20 F    11      
2004 04 15 1642 1700 S 13 W 40 F    27      
2004 04 15 2204 2208 S 15 W 42 F    13      
2004 04 19 0037 0042 S 08 E 60 F    18      
2004 04 19 2225 2230 S 10 E 47 F    14      
2004 04 20 1608 1648 S 07 E 37 F    17      
2004 04 21 0251 0304 S 08 E 30 F    27      
2004 04 21 1451 1502 S 08 E 24 F    36      
2004 04 21 1452 1508 S 07 E 24 F    55      
2004 04 21 1509 1544 S 09 E 25 F    17      
2004 04 21 1605 1637 S 08 E 24 F    36      
2004 04 21 2012 2026 S 07 E 22 F    31      
2004 04 22 0006 0006 S 06 W 73 F    13      
2004 04 22 0010 0018 S 07 E 14 F    17      
2004 04 22 0020 0033 S 04 W 03 F    18      
2004 04 22 0207 0211 S 09 E 19 F    20      
2004 04 22 0215 0246 S 09 E 19 N   110      
2004 04 22 1429 1433 S 09 W 75 F    20      
2004 04 22 1434 1439 S 09 W 75 F    28      
2004 04 22 1600 1606 S 07 E 11 F    15      
2004 04 22 1637 1644 S 05 E 07 F    13      
2004 04 22 1645 1659 S 06 E 09 F    53      
2004 04 22 1746 1753 S 07 E 10 F    18      
2004 04 22 1754 1758 S 09 E 10 F    10      
2004 04 22 1750 2018 S 09 W 73 F   108      
2004 04 22 1821 1837 S 09 E 10 F    24      
2004 04 22 1925 1933 S 06 E 06 F    32      
2004 04 22 2019 2041 S 09 W 77 F    86      
2004 04 22 2041 2051 S 09 W 74 F    61      
2004 04 22 2218 2227 S 09 E 08 F    29      
2004 04 22 2323 2331 S 04 E 02 F    17      
2004 04 23 1415 1437 S 06 W 76 F    43      
2004 04 23 1452 1457 S 08 W 81 F    19      
2004 04 23 1500 1507 S 08 W 80 F    16      
2004 04 23 1602 1608 S 08 W 79 F    37      
2004 04 23 1726 1736 S 07 W 83 F    62      
2004 04 23 1903 1909 S 08 W 83 F    23      
2004 04 23 1942 1947 S 08 W 80 F    29      
2004 04 23 1955 2007 S 07 W 80 F    45      
2004 04 23 2021 2034 S 07 W 81 F    27      
2004 04 23 2059 2133 S 08 W 83 F    85      
2004 04 23 2137 2140 S 08 W 78 F    11      
2004 04 23 2211 2217 S 08 W 79 F    21      
2004 04 24 0547 0550 S 06 W 90 F    20      
2004 04 24 0901 0904 S 06 W 90 F    24      
2004 04 24 1339 2027 N 18 E 43 F    89      
2004 04 24 2031 2104 N 16 E 41 F    47      
2004 04 24 2147 2206 N 15 E 39 F    27      
2004 04 24 2207 2315 N 14 E 41 F    75      
2004 04 25 0140 0217 N 13 E 42 F    59      
2004 04 25 0350 0400 N 13 E 40 F    16      
2004 04 25 0528 0558 N 13 E 38 N   114      
2004 04 25 1429 1512 N 15 E 31 F    40      
2004 04 25 1558 1655 N 15 E 31 F    89      
2004 04 25 1822 1856 N 17 E 30 F    28      
2004 04 25 2154 2206 N 13 E 32 F    13      
2004 04 26 0055 0101 N 13 E 29 F    10      
2004 04 26 0236 0250 N 13 E 28 F    33      
2004 04 27 0711 0750 N 15 E 05 F            
2004 04 30 0544 0553 S 14 W 42 F            
2004 05 01 0443 0453 S 10 W 25 F    11      
2004 05 02 0334 0349 S 10 W 38 F    22      
2004 05 02 1113 1129 S 08 W 42 F    25      
2004 05 07 1359 1410 S 12 W 36 F    18      
2004 05 12 1542 1549 S 01 E 40 F    41      
2004 05 13 0741 0800 S 03 E 33 F    13      
2004 05 13 1328 1412 S 02 E 30 F    56      
2004 05 17 0047 0107 S 04 W 26 F    14      
2004 05 17 0417 0423 S 05 W 80 F    36      
2004 05 18 0205 0227 N 10 W 42 F   153      
2004 05 18 0534 0540 S 09 E 06 F    14      
2004 05 18 1554 1606 N 16 E 46 F    37      
2004 05 18 1608 1620 N 17 E 48 F    11      
2004 05 19 0057 0104 S 10 W 66 F    25      
2004 05 19 0123 0127 N 09 W 61 F    27      
2004 05 19 0641 0644 N 12 W 60 F    28      
2004 05 19 0641 0644 N 13 W 61 F    14      
2004 05 21 1620 1634 S 10 W 42 F    36      
2004 05 21 2340 2420 S 12 E 54 F    58      
2004 05 22 0710 0722 S 13 E 50 F    26      
2004 05 22 0711 0714 S 14 E 51 F    16      
2004 05 22 1608 1613 S 09 E 41 F    18      
2004 05 23 1441 1510 S 10 E 30 F    68      
2004 05 23 1739 1807 S 10 E 28 F    44      
2004 05 23 1948 2005 S 10 E 32 F    15      
2004 05 24 2247 2249 N 20 W 36 F    13      
2004 05 24 2254 2257 N 20 W 34 F    13      
2004 05 26 0039 0044 S 11 W 03 F    15      
2004 05 26 0323 0350 S 11 W 02 F    58      
2004 05 27 0025 0041 S 08 W 12 F    21      
2004 05 28 1355 1358 S 11 W 46 F    18      
2004 05 28 2044 2050 S 10 W 39 F    84      
2004 05 28 2304 2307 S 11 W 51 F    19      
2004 05 31 0013 0044 S 09 W 72 F    63      
2004 06 07 0026 0101 S 18 W 43 F    23      
2004 06 08 1844 1853 S 16 W 66 F    55      
2004 06 15 1958 2007 N 10 E 40 F   115      
2004 06 17 0238 0253 N 09 E 24 F    46      
2004 06 17 1938 1944 N 12 E 17 F    41      
2004 06 18 0820 0845 N 10 E 11 F            
2004 06 18 2352 2406 N 12 E 07 F    30      
2004 06 18 2352 2409 N 10 E 06 F    24      
2004 06 19 0620 0633 S 08 E 17 F    26      
2004 06 19 0621 0630 S 11 E 25 F    19      
2004 06 19 0827 0834 S 11 E 22 F    13      
2004 06 19 1547 1555 S 11 E 19 F    14      
2004 06 19 1901 1908 S 11 E 16 F    11      
2004 06 19 1933 1942 S 11 E 16 F    33      
2004 06 19 1945 1955 S 10 E 19 F    18      
2004 06 20 0846 0851 S 12 E 07 F    14      
2004 06 20 1326 1344 S 11 E 07 F    57      
2004 06 20 1326 1347 S 08 E 00 F    55      
2004 06 21 1714 1726 S 12 W 08 F    31      
2004 06 21 2014 2019 S 11 W 12 F    11      
2004 06 21 2259 2307 S 12 W 08 F    15      
2004 06 22 0520 0526 S 11 W 17 F    14      
2004 06 22 2156 2235 S 12 W 24 F    43      
2004 06 23 0258 0310 S 11 W 27 F    17      
2004 06 23 0554 0628 S 09 W 21 F    86      
2004 06 23 0554 0640 S 09 W 22 F    95      
2004 06 23 0558 0646 S 09 W 21 F            
2004 06 24 0555 0609 S 16 W 39 F    33      
2004 06 24 0615 0647 S 09 W 36 F    50      
2004 06 25 0751 0757 N 09 E 18 F    39      
2004 06 26 0704 0729 S 08 W 77 F    75      
2004 06 26 0723 0738 S 10 W 73 F            
2004 06 26 0730 0743 S 08 W 77 F    38      
2004 06 30 0723 0728 S 07 E 40 F    12      
2004 06 30 0723 0729 S 06 E 40 F            
2004 06 30 1431 1448 S 10 E 36 F    59      
2004 07 05 1553 1558 N 07 W 34 F    19      
2004 07 06 1201 1214 N 07 W 45 F            
2004 07 07 1712 1725 N 15 E 17 F    35      
2004 07 08 0014 0025 S 05 E 65 F    15      
2004 07 12 1833 1856 N 10 W 42 F    17      
2004 07 13 0524 0549 N 14 W 49 F    50      
2004 07 13 0526 0549 N 13 W 49 N            
2004 07 13 0630 0650 N 14 W 50 F    50      
2004 07 13 0630 0651 N 16 W 50 F    23      
2004 07 13 0843 0916 N 14 W 52 N   166      
2004 07 13 0844 0915 N 15 W 52 N   108      
2004 07 13 1655 1705 N 14 W 56 F    28      
2004 07 13 1818 1831 N 14 W 56 F    22      
2004 07 13 1833 1843 N 14 W 57 F    20      
2004 07 13 1836 1846 S 10 E 65 N   149      
2004 07 13 1927 1953 N 13 W 56 B   184      
2004 07 13 2122 2128 N 14 W 59 F    11      
2004 07 13 2203 2212 S 11 E 64 N    86      
2004 07 14 0040 0052 N 14 W 61 F    15      
2004 07 14 0518 0540 N 12 W 62 N   219      
2004 07 14 0657 0659 S 09 E 59 F            
2004 07 14 1745 1800 S 11 E 56 F    24      
2004 07 14 1815 1827 S 11 E 56 F    32      
2004 07 14 2150 2201 N 13 W 73 F    16      
2004 07 15 0428 0436 N 11 W 77 F    39      
2004 07 16 1037 1058 S 10 E 36 F   129      
2004 07 16 1055 1128 S 09 E 34 F            
2004 07 16 1329 1338 S 10 E 33 N    92      
2004 07 16 1350 1431 S 09 E 29 B            
2004 07 16 1352 1458 S 07 E 33 B   710      
2004 07 16 1624 1637 S 11 E 30 F    26      
2004 07 16 1928 1943 N 10 E 91 F    24      
2004 07 16 2031 2102 S 09 E 27 F    48      
2004 07 16 2114 2119 N 11 E 89 F    13      
2004 07 17 0754 0853 S 11 E 22 F            
2004 07 17 1254 1300 S 11 E 22 F    23      
2004 07 17 1300 1316 S 11 E 21 F    48      
2004 07 17 1307 1311 S 11 E 21 F    12      
2004 07 17 1307 1321 S 12 E 20 F            
2004 07 17 1550 1608 S 11 E 19 F    38      
2004 07 17 1649 1722 S 10 E 18 N   139      
2004 07 17 1724 1730 S 09 E 15 F    18      
2004 07 17 1917 1923 N 08 E 71 F    37      
2004 07 17 2039 2050 N 08 E 65 F    28      
2004 07 17 2042 2112 S 09 E 14 F    70      
2004 07 17 2113 2122 S 09 E 14 F    36      
2004 07 17 2124 2203 S 09 E 13 F   200      
2004 07 18 0012 0111 S 09 E 12 F   112      
2004 07 18 0058 0113 S 09 E 11 F    32      
2004 07 18 0254 0324 S 12 E 12 F    91      
2004 07 18 0606 0615 S 09 E 09 F    17      
2004 07 18 0807 0817 N 08 E 65 F    43      
2004 07 18 1049 1053 N 07 E 42 F            
2004 07 18 1138 1143 N 09 E 58 F    15      
2004 07 18 1147 1201 S 11 E 08 F    77      
2004 07 18 1228 1237 S 12 E 09 F    13      
2004 07 18 1343 1401 S 11 E 07 F    48      
2004 07 18 1412 1427 S 10 E 07 F    63      
2004 07 18 1709 1731 S 11 E 05 F   152      
2004 07 18 1845 1855 S 10 E 03 F    59      
2004 07 18 2043 2050 N 09 E 49 F    15      
2004 07 19 0038 0049 S 09 W 02 F    21      
2004 07 19 0527 0543 S 12 W 02 F    18      
2004 07 19 0650 0659 N 09 E 47 F    70      
2004 07 19 1006 1011 S 10 W 05 F    15      
2004 07 19 1050 1058 N 09 E 44 F   194      
2004 07 19 1419 1424 S 09 W 05 F    11      
2004 07 19 1511 1522 S 09 W 05 F    28      
2004 07 19 1731 1744 S 13 E 51 F    27      
2004 07 19 2138 2141 N 04 E 42 F    17      
2004 07 19 2143 2149 N 08 E 38 F    24      
2004 07 20 0059 0115 S 08 W 14 F    68      
2004 07 20 1103 1142 N 04 E 36 N    50      
2004 07 20 1106 1142 N 05 E 35 F    34      
2004 07 20 1112 1146 N 03 E 34 F            
2004 07 20 1226 1330 N 10 E 32 B            
2004 07 20 1817 1842 N 03 E 32 F    35      
2004 07 20 2112 2150 N 04 E 28 F    87      
2004 07 21 0032 0048 S 11 W 28 F   104      
2004 07 21 1756 1809 N 07 E 21 F    12      
2004 07 22 0636 0721 N 03 E 13 F            
2004 07 22 0744 0824 N 02 E 09 N            
2004 07 22 1104 1130 N 03 E 10 N    19      
2004 07 22 1107 1129 N 04 E 11 F    19      
2004 07 22 1718 1749 N 04 E 07 F    91      
2004 07 22 1756 1836 N 04 E 07 F    18      
2004 07 22 2233 2333 N 05 E 04 N   254      
2004 07 23 0641 0710 N 02 W 05 N            
2004 07 23 0718 0738 N 03 W 04 F    34      
2004 07 23 0722 0739 N 03 W 04 F    34      
2004 07 23 1723 1735 N 03 W 04 F   161      
2004 07 24 0604 0616 N 07 W 20 F   124      
2004 07 24 0810 0824 N 03 W 14 F    17      
2004 07 24 1024 1037 N 08 W 15 F    12      
2004 07 24 1335 1347 N 04 W 16 F    40      
2004 07 24 1827 1836 N 08 W 22 F    19      
2004 07 25 0030 0036 N 09 W 26 F    52      
2004 07 25 0543 0623 N 10 W 31 B   287      
2004 07 25 0632 0659 N 04 W 25 F   148      
2004 07 25 0708 0725 N 09 W 34 F    84      
2004 07 25 0828 0835 N 11 W 34 F    20      
2004 07 25 1433 1643 N 08 W 33 F   156      
2004 07 25 1625 1634 N 08 E 54 F    12      
2004 07 26 0539 0615 N 02 W 40 N            
2004 07 26 0805 0822 N 09 W 44 F    14      
2004 07 26 0900 0912 N 09 W 44 F    20      
2004 07 26 1726 1752 N 03 W 45 N   345      
2004 07 26 1818 1822 N 08 W 48 F    11      
2004 07 26 2238 2322 N 11 W 47 F    16      
2004 07 26 2349 2511 N 10 W 54 F   130      
2004 07 27 0544 0609 N 02 W 53 N   219      
2004 07 27 1002 1007 N 10 W 61 F            
2004 07 27 1015 1024 N 10 W 58 F    44      
2004 07 27 1017 1021 N 08 W 58 F    17      
2004 07 27 1504 1513 N 01 W 58 F   116      
2004 07 27 1524 1529 N 06 W 57 F    95      
2004 07 27 2003 2112 N 09 W 65 F   114      
2004 07 28 0647 0650 N 01 W 68 F    87      
2004 07 28 0806 0821 N 06 W 70 F    33      
2004 07 28 1337 1341 N 04 W 68 F    20      
2004 07 28 1531 1539 N 04 W 69 F    82      
2004 07 28 1624 1631 N 02 W 66 F    22      
2004 07 28 1624 1635 N 03 W 65 F    28      
2004 07 28 1842 1850 N 04 W 71 F    64      
2004 07 28 2130 2138 N 04 W 72 F   107      
2004 07 28 2233 2237 N 07 E 13 F    11      
2004 07 29 0935 0943 N 11 W 82 N            
2004 07 29 1631 1636 N 03 W 86 F    22      
