2005 01 01 1844 1848 N 07 W 69 F    15      
2005 01 02 1259 1314 N 02 E 13 F            
2005 01 03 0408 0457 N 03 E 07 F    55      
2005 01 04 0150 0204 N 03 W 03 F    21      
2005 01 04 0606 0646 N 04 W 04 F    65      
2005 01 04 1055 1213 N 03 W 11 N            
2005 01 04 1104 1129 N 04 W 10 F    22      
2005 01 09 0828 0940 S 08 E 73 N   136      
2005 01 09 0841 0902 S 09 E 74 F    94      
2005 01 09 1452 1458 S 09 E 68 F    16      
2005 01 12 0805 0810 S 08 E 28 F            
2005 01 12 1611 1615 N 12 E 42 F    13      
2005 01 12 1720 1727 N 11 E 43 F    24      
2005 01 13 0058 0108 S 10 E 17 F    13      
2005 01 13 0812 0823 S 07 E 23 F            
2005 01 13 1636 1650 S 07 E 16 F    33      
2005 01 13 1708 1721 S 08 E 16 F    21      
2005 01 13 1903 1907 S 07 E 15 F    23      
2005 01 13 2245 2302 S 07 E 12 F    49      
2005 01 13 2245 2313 S 10 E 05 F    52      
2005 01 13 2252 2257 N 11 E 24 F    12      
2005 01 13 2314 2321 S 10 E 05 F    10      
2005 01 14 0010 0016 N 11 E 24 F    11      
2005 01 14 0208 0222 N 11 E 23 F    15      
2005 01 14 0246 0249 N 11 E 22 F    10      
2005 01 14 0352 0402 N 11 E 22 F    24      
2005 01 14 0358 0425 S 10 E 02 F    51      
2005 01 14 0445 0459 N 16 E 23 F    14      
2005 01 14 0733 0745 N 12 E 18 F            
2005 01 14 0736 0747 N 11 E 20 F    37      
2005 01 14 0953 1001 N 17 E 20 F            
2005 01 14 1008 1044 S 06 E 04 F            
2005 01 14 1014 1044 N 14 E 15 F            
2005 01 14 1017 1042 N 21 E 15 F    99      
2005 01 14 1017 1042 N 21 E 15 F    99      
2005 01 14 1134 1154 S 06 E 03 F            
2005 01 14 1202 1207 N 13 E 16 F            
2005 01 14 1234 1250 S 07 E 04 F            
2005 01 14 1246 1249 N 16 E 18 F            
2005 01 14 1348 1422 N 14 E 15 F            
2005 01 14 1400 1447 N 13 E 14 F    18      
2005 01 14 2256 2307 N 11 E 11 F    41      
2005 01 14 2330 2343 N 11 E 11 F    25      
2005 01 15 0028 0037 N 11 E 10 F    24      
2005 01 15 0039 0130 N 11 E 10 B   178      
2005 01 15 0238 0242 N 11 E 09 F    15      
2005 01 15 0319 0323 N 11 E 09 F    14      
2005 01 15 0334 0409 S 10 W 11 F    48      
2005 01 15 0356 0402 N 11 E 08 F    12      
2005 01 15 0410 0459 N 11 E 08 N   252      
2005 01 15 0411 0424 S 10 W 11 F    40      
2005 01 15 0556 0750 N 11 E 06 F    39      
2005 01 15 0726 0817 N 13 E 04 F            
2005 01 15 0803 0807 N 13 E 03 F    15      
2005 01 15 0913 0919 N 13 E 03 F    16      
2005 01 15 0926 0955 N 13 E 02 N            
2005 01 15 0927 0948 N 12 E 03 F    97      
2005 01 15 1146 1200 N 13 E 01 F            
2005 01 15 1224 1235 N 13 E 00 F            
2005 01 15 1355 1402 N 12 E 00 F            
2005 01 15 1421 1508 S 09 W 12 F    67      
2005 01 15 1427 1508 S 09 W 10 F    67      
2005 01 15 1441 1534 N 13 E 01 F    57      
2005 01 15 1607 1616 N 12 E 01 F    18      
2005 01 15 1652 1723 N 14 W 01 F    70      
2005 01 15 1731 1736 N 14 W 02 F    11      
2005 01 15 1751 1828 N 14 W 02 F    69      
2005 01 15 1846 1918 N 14 W 01 N   128      
2005 01 15 1947 2053 N 14 W 03 F    66      
2005 01 15 2057 2111 N 13 E 00 F    25      
2005 01 15 2125 2133 N 13 E 00 F    15      
2005 01 15 2154 2409 N 14 W 08 B   802      
2005 01 15 2220 2227 S 08 W 16 F    16      
2005 01 15 2232 2241 S 09 E 55 F    38      
2005 01 15 2339 0114 N 13 W 03 F   218      
2005 01 16 0115 0124 N 11 W 03 F    86      
2005 01 16 0255 0314 N 13 W 06 F    14      
2005 01 16 0757 0802 N 18 W 09 F            
2005 01 16 1441 1458 N 14 W 12 F    44      
2005 01 16 1512 1613 N 14 W 12 F    49      
2005 01 16 1651 1728 N 13 W 13 F    29      
2005 01 16 1828 1838 N 13 W 14 N    81      
2005 01 16 1937 1943 N 17 W 12 F    12      
2005 01 16 2200 2303 N 13 W 16 N   125      
2005 01 17 0906 1157 N 14 W 24 N   546      
2005 01 17 1012 1043 N 13 W 22 F    68      
2005 01 17 1946 2010 N 14 W 28 F    37      
2005 01 17 2014 2026 N 16 W 27 F    52      
2005 01 17 2052 2058 N 13 W 26 F    20      
2005 01 17 2214 2217 N 10 W 26 F    22      
2005 01 18 0039 0059 N 13 W 29 F    20      
2005 01 18 0209 0221 N 17 W 28 F    27      
2005 01 18 0435 0438 N 16 W 34 F    22      
2005 01 18 0747 0802 N 18 W 36 F            
2005 01 18 1126 1205 N 14 W 39 N            
2005 01 18 1540 1636 N 14 W 40 N   425      
2005 01 18 1748 1756 N 14 W 41 F    13      
2005 01 18 1830 1938 N 18 W 38 F   112      
2005 01 18 1940 2247 N 15 W 43 F    67      
2005 01 18 2247 2309 N 13 W 41 F    13      
2005 01 18 2316 2337 N 17 W 43 F    11      
2005 01 19 0514 0541 N 12 W 44 F    50      
2005 01 19 0726 0956 N 19 W 47 N   331      
2005 01 19 0941 0951 N 14 W 49 N            
2005 01 19 0956 1004 N 18 W 47 F    16      
2005 01 19 1004 1013 N 18 W 47 F    18      
2005 01 19 1015 1042 N 18 W 47 N   116      
2005 01 19 1539 1554 N 13 W 50 F   250      
2005 01 19 1556 1618 N 13 W 60 F    11      
2005 01 19 2322 2332 S 01 E 55 F    21      
2005 01 20 0325 0347 N 11 W 58 F    75      
2005 01 20 0641 0854 N 12 W 58 B   293      
2005 01 20 0855 0918 N 14 W 57 F    20      
2005 01 20 0919 0933 N 14 W 57 F    16      
2005 01 20 1612 1707 N 19 W 64 F    59      
2005 01 21 0022 0028 N 15 W 67 F    23      
2005 01 21 0423 0432 N 19 W 69 F    53      
2005 01 31 0913 0917 S 10 E 25 F    12      
2005 02 13 1030 1116 S 12 E 08 N            
2005 02 13 1454 1503 S 05 E 23 F    15      
2005 02 13 1454 1503 S 05 E 23 F    15      
2005 02 15 0113 0118 S 07 E 16 F    20      
2005 02 15 0119 0122 S 07 E 16 F    15      
2005 02 15 0215 0227 S 09 E 17 F    35      
2005 02 15 0656 0708 S 10 E 20 F    24      
2005 02 16 2315 2323 S 11 W 02 F    14      
2005 02 16 2333 2418 S 03 W 23 N   165      
2005 02 18 0436 0446 S 09 W 22 F    56      
2005 03 06 0112 0130 N 12 E 59 F    26      
2005 03 09 0234 0300 N 12 E 18 F    67      
2005 03 09 0316 0332 N 12 E 18 F    20      
2005 03 09 2148 2156 N 02 E 03 F    35      
2005 03 12 0840 0849 N 13 W 29 F            
2005 03 12 0859 0919 N 13 W 30 F            
2005 03 13 0808 0819 N 13 W 43 F            
2005 03 13 0827 0833 S 05 W 03 F            
2005 03 13 1508 1530 S 04 W 07 F            
2005 03 13 1513 1528 S 05 W 07 F    22      
2005 03 13 1518 1523 S 06 W 05 F    33      
2005 03 14 0418 0436 S 06 W 14 F    11      
2005 03 14 1301 1312 S 03 W 15 F            
2005 03 15 0645 0651 N 12 W 65 F    14      
2005 03 16 1319 1330 S 07 W 52 F            
2005 03 16 2313 2318 S 06 W 52 F    18      
2005 03 17 0501 0524 S 06 W 55 F    12      
2005 03 17 0641 0655 S 06 W 64 F            
2005 03 17 0642 0656 S 06 W 56 F    18      
2005 03 17 0905 0919 S 12 W 26 F            
2005 03 18 1307 1323 S 09 W 39 F            
2005 03 19 0700 0713 S 08 W 48 F    32      
2005 03 20 0613 0619 S 08 W 62 F    22      
2005 03 21 0747 0752 S 08 W 88 F    16      
2005 03 21 0836 0841 S 08 W 77 F    14      
2005 03 24 1023 1043 N 10 E 25 F            
2005 03 24 1117 1123 N 10 E 24 F            
2005 03 24 2340 2355 N 09 E 18 F    26      
2005 03 25 0742 0750 N 13 E 12 F    12      
2005 04 05 2004 2009 S 05 W 44 F    13      
2005 04 06 0632 0636 S 06 W 51 F            
2005 04 12 1718 1724 N 00 E 77 F    12      
2005 04 17 0722 0728 N 01 E 09 F            
2005 04 17 2059 2119 S 13 E 77 F    34      
2005 04 18 1457 1510 N 02 W 07 F    18      
2005 04 26 1811 1821 S 05 E 62 F    22      
2005 04 26 2004 2016 S 06 E 65 F    20      
2005 04 29 2037 2053 S 10 E 17 F    38      
2005 04 30 1258 1307 S 10 E 09 F   179      
2005 04 30 1823 1836 S 10 E 04 F    20      
2005 05 01 0037 0045 S 06 W 26 F    14      
2005 05 01 1734 1739 S 10 W 06 F    11      
2005 05 04 2140 2225 S 08 E 56 F    15      
2005 05 04 2246 2251 S 09 E 44 F    11      
2005 05 05 2020 2027 S 03 W 65 F    12      
2005 05 06 0309 0316 S 06 W 74 F    34      
2005 05 06 1123 1146 S 05 W 80 F            
2005 05 06 1606 1830 S 09 E 28 F   322      
2005 05 09 2302 2307 N 12 E 61 F    27      
2005 05 09 2335 2338 N 17 E 65 F    20      
2005 05 10 0100 0123 S 06 W 28 F    40      
2005 05 10 0517 0532 S 11 W 30 F    36      
2005 05 10 1411 1424 S 09 W 33 F    21      
2005 05 10 1609 1631 N 12 E 51 F    20      
2005 05 10 1941 2022 N 10 E 47 F   108      
2005 05 11 0128 0154 N 13 E 45 N   364      
2005 05 11 0334      N 12 E 44 F   127      
2005 05 11 0340 0401 S 09 W 43 F    15      
2005 05 11 0403 0419 S 09 W 43 F    14      
2005 05 11 0405 0447 N 12 E 43 F    64      
2005 05 11 0420 0436 S 09 W 43 F    20      
2005 05 11 1314 1321 S 11 E 04 F   129      
2005 05 11 1659 1715 N 13 E 37 F    89      
2005 05 11 1904 1908 S 09 W 47 F    22      
2005 05 11 1921 2016 S 10 W 47 F   108      
2005 05 11 2332 2343 S 08 W 54 F    15      
2005 05 12 0014 0023 S 09 W 51 F    12      
2005 05 12 0022 0125 S 09 W 54 F    90      
2005 05 12 0026 0035 S 08 W 55 F    16      
2005 05 12 0107 0410 N 12 E 31 B   254      
2005 05 12 0511 0514 S 09 W 56 F    19      
2005 05 12 0641 0653 S 09 W 57 F    61      
2005 05 12 0655 0714 N 10 E 26 F            
2005 05 12 0704 0714 N 12 E 28 F    33      
2005 05 12 0728 0857 N 12 E 28 B            
2005 05 12 0730 0907 N 11 E 30 B   332      
2005 05 12 1024 1036 N 15 E 28 F            
2005 05 12 1115 1119 S 09 W 65 F            
2005 05 12 1250 1255 S 16 E 64 F    14      
2005 05 12 1254 1302 N 12 E 25 F   121      
2005 05 12 1340 1413 N 16 E 28 F    39      
2005 05 12 1355 1404 S 09 W 61 F    23      
2005 05 12 1701 1717 N 11 E 23 F    41      
2005 05 12 1736 1819 N 11 E 21 N   179      
2005 05 12 1823 1827 N 09 E 22 F    12      
2005 05 12 1953 1956 S 10 W 63 F    18      
2005 05 12 2247 2311 N 17 E 24 F    33      
2005 05 13 0259 0350 N 12 E 17 F    27      
2005 05 13 0351 0353 N 12 E 16 F    18      
2005 05 13 1255 1330 N 15 E 14 F            
2005 05 13 1255 1331 N 16 E 16 F    34      
2005 05 13 1631 1946 N 12 E 12 B   311      
2005 05 14 0202 0222 S 16 E 38 F    42      
2005 05 14 0509 0522 S 16 E 36 F    15      
2005 05 15 2041 2056 S 17 E 21 F    34      
2005 05 16 0021 0033 S 16 E 20 F    14      
2005 05 16 0119 0159 N 16 W 18 F    29      
2005 05 16 0234 0321 S 17 E 17 B   185      
2005 05 16 0334 0402 S 16 E 10 F    92      
2005 05 16 0437 0444 S 16 E 10 F    22      
2005 05 16 0905 0919 S 17 E 15 F    97      
2005 05 16 1256 1323 N 13 W 29 F    26      
2005 05 16 1600 1624 S 15 E 04 F    18      
2005 05 16 1642 1706 S 16 E 09 F    25      
2005 05 16 1939 2009 S 15 E 06 N   108      
2005 05 16 2103 2110 S 17 E 02 F    16      
2005 05 16 2357 2441 S 16 E 06 F    59      
2005 05 17 0235 0324 S 16 W 01 B   161      
2005 05 17 0401 0425 S 16 E 03 N   159      
2005 05 17 0516 0523 N 13 W 34 F    12      
2005 05 17 0549 0558 S 16 W 04 F    19      
2005 05 17 2332 2411 S 16 W 14 F    45      
2005 05 18 0438 0451 S 16 W 16 F    30      
2005 05 24 0011 0025 N 13 E 45 F    30      
2005 05 24 0516 0522 S 05 E 53 F    18      
2005 05 24 1829 1833 S 08 E 39 F    14      
2005 05 26 2103 2223 S 06 E 13 F   152      
2005 05 27 0315 0537 S 08 E 07 F    88      
2005 05 27 0519 0537 S 09 E 07 F            
2005 05 27 0559 0646 S 08 E 07 F   182      
2005 05 27 0633 0644 S 09 E 08 F    29      
2005 05 27 0718 0737 S 08 E 05 F    40      
2005 05 27 1226 1240 S 08 E 04 F   294      
2005 05 28 0222 0250 S 08 W 06 N    79      
2005 05 31 1439 1503 N 12 W 22 F    46      
2005 06 01 1045 1056 S 18 E 46 F            
2005 06 01 1245 1248 S 17 E 45 F    13      
2005 06 01 1753 1802 S 17 E 42 F    13      
2005 06 01 1803 1827 S 16 E 40 F    26      
2005 06 01 2213 2224 S 16 E 38 F    33      
2005 06 02 0154 0200 S 17 E 34 F    23      
2005 06 03 0210 0255 S 18 E 20 F    61      
2005 06 03 0407 0445 S 18 E 21 B   129      
2005 06 03 1223 1238 S 18 E 14 F            
2005 06 03 2351 2434 S 17 E 09 N    64      
2005 06 04 0037 0050 S 18 E 08 F    24      
2005 06 04 0053 0115 S 18 E 08 F    60      
2005 06 04 0434 0443 S 20 E 06 F    12      
2005 06 04 0641 0651 S 18 E 03 F            
2005 06 04 1654 1704 S 17 W 01 F    33      
2005 06 05 0327 0341 S 17 W 06 F    58      
2005 06 06 0332 0424 S 16 W 21 F   103      
2005 06 06 0410 0446 S 05 E 65 F   115      
2005 06 06 1849 1909 S 15 W 26 F    24      
2005 06 07 0143 0153 S 05 E 53 F    11      
2005 06 07 0151 0200 N 11 E 46 F    12      
2005 06 07 1338 1354 S 16 W 37 F    82      
2005 06 07 1339 1346 S 18 W 38 F    22      
2005 06 08 0128 0154 S 05 E 40 F    28      
2005 06 08 0616 0656 S 05 E 37 F    42      
2005 06 08 0622 0655 S 06 E 42 F            
2005 06 08 2119 2122 S 05 E 28 F    16      
2005 06 09 0022 0025 N 11 E 20 F    20      
2005 06 09 0259 0311 N 11 E 19 F    22      
2005 06 09 1657 1705 S 06 E 18 F    15      
2005 06 10 0839 0842 S 05 E 08 F    22      
2005 06 12 0206 0234 N 06 W 21 F    24      
2005 06 12 0224 0254 S 05 W 15 F    46      
2005 06 12 0250 0334 N 11 W 21 F    24      
2005 06 12 0334 0417 N 10 W 19 F    37      
2005 06 12 1603 1614 N 09 W 32 F    13      
2005 06 12 1615 1624 N 09 W 32 F    15      
2005 06 14 0514 0522 S 09 W 43 F    13      
2005 06 14 0701 0814 N 09 W 46 F   107      
2005 06 14 1542 1624 N 11 W 59 F    86      
2005 06 15 1840 1849 S 05 W 58 F    20      
2005 06 16 0158 0211 S 06 W 63 F    33      
2005 06 16 2009 2016 N 09 W 87 F    41      
2005 06 18 0018 0024 S 08 E 66 F    32      
2005 06 18 0018 0024 S 07 E 66 F    26      
2005 06 18 0158 0202 S 07 E 66 F    38      
2005 06 18 0228 0233 S 07 E 65 F    28      
2005 06 18 0239 0246 S 08 E 65 F    36      
2005 06 18 0449 0453 S 08 E 63 F    10      
2005 06 18 0825 0835 S 05 E 61 F    23      
2005 06 18 2307 2310 S 05 E 54 F    17      
2005 06 18 2309 2319 S 17 W 30 F    42      
2005 06 19 1924 1936 S 16 W 43 F    29      
2005 06 21 1802 1821 S 05 E 15 F    27      
2005 06 22 1629 1646 S 09 E 02 F    53      
2005 06 25 0340 0359 S 08 W 38 F    55      
2005 06 27 1805 1810 N 13 E 83 F    20      
2005 06 28 1020 1025 N 11 E 68 F            
2005 07 02 0037 0042 N 12 E 78 F    21      
2005 07 02 0113 0119 N 12 E 77 F    22      
2005 07 02 0207 0213 N 12 E 77 F    16      
2005 07 02 0311 0333 S 18 E 05 F    34      
2005 07 02 0626 0704 S 18 E 04 F    39      
2005 07 02 0921 0926 S 18 E 00 F            
2005 07 02 1234 1302 S 17 W 01 F            
2005 07 02 1240 1244 S 18 E 00 F    15      
2005 07 02 1901 1905 S 17 W 05 F    13      
2005 07 03 0449 0519 S 09 W 39 F   100      
2005 07 03 0953 0958 S 19 W 32 F    14      
2005 07 03 2106 2124 S 10 W 46 F    28      
2005 07 04 2219 2229 S 11 W 63 F    27      
2005 07 05 0518 0521 N 15 E 31 F    21      
2005 07 05 0607 0613 N 15 E 30 F    19      
2005 07 05 1500 1545 S 08 E 34 F    40      
2005 07 05 1501 1513 S 06 E 39 F    46      
2005 07 05 1516 1524 S 06 E 38 F    14      
2005 07 06 0125 0134 N 15 E 61 F    84      
2005 07 06 0307 0315 N 13 E 20 F    14      
2005 07 06 0845 0856 N 09 E 19 F            
2005 07 06 0846 0855 N 11 E 20 F    26      
2005 07 06 1300 1324 N 09 E 16 F            
2005 07 06 1301 1304 N 10 E 17 F    14      
2005 07 06 1305 1311 N 10 E 17 F    46      
2005 07 06 1317 1324 N 10 E 17 F    33      
2005 07 06 1529 1536 N 10 E 16 F    24      
2005 07 06 1604 1612 N 10 E 16 F    34      
2005 07 06 1746 1755 N 10 E 14 F    58      
2005 07 06 2123 2132 N 10 E 12 F    17      
2005 07 07 0800 0811 N 13 E 04 F    25      
2005 07 07 0801 0814 N 09 E 07 F    16      
2005 07 07 0840 0851 N 15 E 43 F    11      
2005 07 07 1327 1343 N 09 E 03 F    56      
2005 07 07 1328 1335 N 10 E 04 F    30      
2005 07 07 1516 1525 N 17 E 44 F    10      
2005 07 07 1610 1714 N 10 E 00 N   190      
2005 07 08 0315 0333 S 02 W 50 F    21      
2005 07 08 0518 0529 S 02 W 52 F    37      
2005 07 08 0631 0633 N 15 E 31 F    31      
2005 07 08 0858 0904 S 02 W 54 F    18      
2005 07 08 1646 1652 S 03 W 56 F    12      
2005 07 09 2028 2034 N 18 E 16 F    14      
2005 07 09 2036 2051 N 18 E 18 F    48      
2005 07 09 2156 2238 N 11 W 27 N   137      
2005 07 10 1515 1519 S 02 W 83 F    23      
2005 07 10 1918 1923 N 08 W 43 F    18      
2005 07 10 2015 2018 N 10 W 42 F    12      
2005 07 11 1505 1542 N 08 W 48 F    48      
2005 07 11 1716 1741 N 15 W 56 F    40      
2005 07 11 2059 2103 N 12 W 53 F    16      
2005 07 12 0052 0058 N 13 W 58 F    20      
2005 07 12 0052 0058 N 13 W 57 F    20      
2005 07 12 0759 0818 N 07 W 61 F            
2005 07 12 1330 1528 N 11 W 64 F    14      
2005 07 12 1550 1726 N 11 W 64 F    89      
2005 07 12 2022 2025 N 07 W 74 F    19      
2005 07 12 2129 2149 N 10 W 70 F    41      
2005 07 12 2240 2304 N 08 W 72 F    55      
2005 07 12 2336 2342 N 08 W 69 F    50      
2005 07 13 0157 0203 N 14 W 70 F    87      
2005 07 13 0319 0323 N 13 W 71 F    15      
2005 07 13 0544 0620 N 12 W 74 F    38      
2005 07 13 0638 0654 N 13 W 81 F    39      
2005 07 13 0915 0920 N 11 W 74 F    25      
2005 07 13 1254 1300 N 09 W 75 F    23      
2005 07 13 1303 1311 N 10 W 76 F    20      
2005 07 13 1422 1458 N 10 W 80 F    26      
2005 07 13 1624 1628 N 08 W 78 F    29      
2005 07 13 1857 1900 N 08 W 80 F    18      
2005 07 13 1905 1918 N 13 W 82 F   114      
2005 07 14 0320 0329 N 13 W 86 F    39      
2005 07 14 0723 0732 N 11 W 73 N   147      
2005 07 14 0759 0812 N 13 W 88 F    82      
2005 07 15 1946 1953 S 10 W 66 F    10      
2005 07 15 2325 2338 S 11 W 69 F    24      
2005 07 16 0629 0635 S 10 W 74 F    46      
2005 07 16 1112 1125 S 10 W 74 F            
2005 07 16 1116 1124 S 08 W 75 F    19      
2005 07 28 2151 2221 N 08 E 84 F    70      
2005 07 30 0501 0504 N 12 E 60 F    16      
2005 07 30 0507 0548 N 12 E 52 N   107      
2005 07 30 0608 0940 N 12 E 61 B   390      
2005 07 30 0622 0723 N 11 E 58 F   383      
2005 07 30 1352 1355 N 13 E 54 F   553      
2005 07 30 1649 1724 N 13 E 56 F    48      
2005 07 30 1654 1718 N 12 E 56 F    51      
2005 07 31 0536 0543 N 12 W 51 F    15      
2005 07 31 0916 0938 N 13 W 51 F   136      
2005 07 31 0920 0938 N 14 W 51 F    86      
2005 07 31 1219 1230 N 12 E 44 B            
2005 08 01 0517 0525 N 12 E 35 F    16      
2005 08 01 1218 1221 S 12 E 61 F            
2005 08 01 1315 1436 N 14 E 29 F   185      
2005 08 01 1343 1414 N 14 E 31 F    27      
2005 08 02 1239 1249 N 08 E 19 F            
2005 08 02 1825 1903 S 12 E 47 N   155      
2005 08 02 2015 2027 N 12 E 14 N    78      
2005 08 03 0241 0248 N 12 E 10 F    19      
2005 08 03 0249 0254 N 12 E 10 F    24      
2005 08 03 0458 0533 S 11 E 36 N   205      
2005 08 03 0525 0535 S 13 E 42 F    89      
2005 08 03 1354 1437 S 12 E 37 F    67      
2005 08 03 2021 2029 N 08 W 08 F    18      
2005 08 04 0528 0538 N 12 W 05 F    33      
2005 08 04 0544 0626 S 11 E 22 F    89      
2005 08 04 0551 0611 S 11 E 22 F    17      
2005 08 04 1853 1900 S 11 E 19 F    14      
2005 08 05 0710 0801 N 12 W 19 F    19      
2005 08 05 0721 0744 N 12 W 17 F    22      
2005 08 06 0806 0808 N 12 W 33 F    19      
2005 08 22 0058 0100 S 09 W 48 F    56      
2005 08 22 0104 0300 S 09 W 48 F   110      
2005 08 22 1652 1845 S 12 W 60 N   141      
2005 08 23 1222 1234 N 11 E 90 F    30      
2005 08 23 1435 1602 N 70 W 16 F    72      
2005 08 24 0101 0104 N 16 W 07 F    22      
2005 08 25 0437 0502 N 07 E 78 N   140      
2005 08 25 0448 0453 N 14 E 76 F   205      
2005 08 27 1108 1113 N 10 W 24 F    40      
2005 08 27 2052 2058 N 10 E 38 F    19      
2005 08 28 1023 1035 N 09 E 36 F    25      
2005 08 29 2152 2204 S 16 E 50 F    27      
2005 08 29 2359 2406 S 19 E 51 F    43      
2005 08 29 2359 2405 S 18 E 50 F    29      
2005 08 30      0004 S 18 E 50 F    15      
2005 08 30 0422 0429 S 18 E 48 F    14      
2005 08 31 1029 1235 N 10 W 09 F            
2005 08 31 1035 1110 N 11 W 11 F   280      
2005 09 03 0410 0417 S 14 W 09 F    29      
2005 09 07 1724 1847 S 06 E 89 B   643      
2005 09 08 0955 1005 S 12 E 75 F    40      
2005 09 08 1435 1440 S 11 E 70 F            
2005 09 08 1700 1715 S 10 E 81 F    22      
2005 09 08 2052 2442 S 11 E 74 B   370      
2005 09 08 2300 2432 S 15 E 82 F    63      
2005 09 09 0217 0223 S 11 E 69 F    10      
2005 09 09 0449 0526 S 10 E 67 F    38      
2005 09 09 0533 0659 S 10 E 66 F   235      
2005 09 09 0606 0800 S 12 E 59 F            
2005 09 09 0700 0707 S 10 E 66 F    11      
2005 09 09 0729 0801 S 10 E 65 F    26      
2005 09 09 0825 0831 S 10 E 65 F    17      
2005 09 09 0955 1005 S 10 E 64 F    94      
2005 09 09 1020 1115 S 12 E 62 N   320      
2005 09 09 1424 1427 S 10 E 61 F    11      
2005 09 09 1526 1531 S 10 E 58 F    57      
2005 09 09 1743 1840 S 10 E 62 F    69      
2005 09 09 2312 2330 S 10 E 57 F    25      
2005 09 09 2331 2335 S 10 E 57 F    18      
2005 09 09 2336 2342 S 10 E 57 F    10      
2005 09 09 2347 2449 S 10 E 56 F    31      
2005 09 10 0027 0036 S 14 E 57 F    24      
2005 09 10 0105 0110 S 10 E 56 F    28      
2005 09 10 0154 0159 S 10 E 55 F    23      
2005 09 10 0254 0257 S 10 E 55 F    20      
2005 09 10 0348 0407 S 10 E 54 F    27      
2005 09 10 0407 0413 S 10 E 54 F    26      
2005 09 10 0413 0423 S 10 E 54 F    22      
2005 09 10 0424 0429 S 10 E 54 F    14      
2005 09 10 0432 0457 S 10 E 54 F    36      
2005 09 10 0457 0506 S 10 E 54 F    16      
2005 09 10 0533 0536 S 10 E 53 F    18      
2005 09 10 0542 0734 S 11 E 51 N   321      
2005 09 10 0609 0627 S 10 E 61 F   138      
2005 09 10 0649 0743 S 11 E 50 N            
2005 09 10 0735 0744 S 10 E 52 F    10      
2005 09 10 0745 1006 S 10 E 51 F   106      
2005 09 10 0745 0914 S 11 E 49 F            
2005 09 10 1303 1344 S 11 E 46 F            
2005 09 10 1335 1444 S 11 E 46 F   174      
2005 09 10 1758 1806 S 10 E 42 F    26      
2005 09 10 1808 1815 S 11 E 43 F    15      
2005 09 10 1915 2039 S 10 E 45 N   202      
2005 09 11 0134 0304 S 10 E 42 F    93      
2005 09 11 0611 0636 S 10 E 35 F    25      
2005 09 11 1245 1423 S 15 E 36 F            
2005 09 11 1250 1323 S 13 E 42 F    39      
2005 09 11 1335 1437 S 16 E 39 F   107      
2005 09 11 1440 1458 S 16 E 37 F    12      
2005 09 11 1646 1701 S 11 E 31 F    41      
2005 09 11 2214 2223 S 10 E 27 F    62      
2005 09 11 2322 2343 S 09 E 30 F    36      
2005 09 12 0659 0705 S 12 E 30 F            
2005 09 12 0700 0705 S 11 E 33 F   147      
2005 09 12 0842 1105 S 12 E 25 F   319      
2005 09 12 1735 1746 S 10 E 20 F    17      
2005 09 12 2007 2016 S 11 E 24 N   196      
2005 09 12 2246 2359 S 14 E 19 F   260      
2005 09 13 0056 0106 S 13 E 20 F    26      
2005 09 13 0326 0339 S 15 E 19 F    23      
2005 09 13 0442 0453 S 13 E 11 F    10      
2005 09 13 0635 0639 S 15 E 17 F    10      
2005 09 13 0645 0702 S 10 E 12 F    19      
2005 09 13 0827 0832 S 12 E 15 F            
2005 09 13 0828 0833 S 15 E 15 F    18      
2005 09 13 1046 1054 S 10 E 13 F    30      
2005 09 13 1055 1105 S 10 E 13 F            
2005 09 13 1122 1148 S 12 E 16 N   260      
2005 09 13 1339 1424 S 11 E 06 F    29      
2005 09 13 1904 1910 S 09 E 01 F    21      
2005 09 13 1922 2313 S 09 E 10 B   304      
2005 09 13 2314 2421 S 10 E 04 B   186      
2005 09 14 0202 0254 S 10 E 02 F    47      
2005 09 14 0416 0428 S 10 E 01 F    31      
2005 09 14 0445 0451 S 10 E 00 F    14      
2005 09 14 0512 0517 S 10 E 00 F    10      
2005 09 14 0633 0637 S 10 W 01 F    15      
2005 09 14 0659 0724 S 11 E 01 F            
2005 09 14 0659 0723 S 10 W 01 F    26      
2005 09 14 1032 1120 S 12 W 01 F            
2005 09 14 1925 1951 S 13 W 04 F    71      
2005 09 14 2111 2141 S 09 W 07 F    43      
2005 09 14 2251 2318 S 14 W 11 F    46      
2005 09 14 2340 2351 S 10 W 12 F    22      
2005 09 15 0057 0105 S 10 W 11 F    10      
2005 09 15 0111 0248 S 10 W 12 N   201      
2005 09 15 0500 0504 S 10 W 13 F    15      
2005 09 15 0647 0656 S 12 W 13 F            
2005 09 15 0648 0658 S 10 W 14 F    11      
2005 09 15 0834 0953 S 11 W 15 N   242      
2005 09 15 0836 0936 S 12 W 14 N   266      
2005 09 15 1436 1438 S 13 W 15 F            
2005 09 15 1447 1524 S 12 W 16 F            
2005 09 15 1448 1546 S 12 W 18 F    85      
2005 09 15 1449 1454 S 13 W 16 F    46      
2005 09 15 1633 1702 S 13 W 19 F    35      
2005 09 15 1828 1832 S 14 W 17 F    31      
2005 09 15 1900 1931 S 11 W 19 F    27      
2005 09 16 0146 0405 S 13 W 26 B   189      
2005 09 16 0522 0525 S 10 W 26 F    18      
2005 09 16 0856 0906 S 10 W 28 F    12      
2005 09 16 1442 1452 S 12 W 30 F    34      
2005 09 16 1505 1606 S 10 W 38 F    57      
2005 09 16 1521 1533 S 13 W 31 F    18      
2005 09 16 1742 1822 S 11 W 33 F    54      
2005 09 16 1930 2020 S 11 W 37 F   229      
2005 09 16 2337 2348 S 10 W 37 F    77      
2005 09 16 2338 2350 S 11 W 40 F    31      
2005 09 17 0212 0218 S 10 W 38 F    14      
2005 09 17 0440 0444 S 10 W 39 F    16      
2005 09 17 0445 0500 S 10 W 39 F    26      
2005 09 17 0602 0656 S 11 W 40 N   206      
2005 09 17 0924 0942 S 08 W 48 F    50      
2005 09 17 1010 1034 N 09 E 85 N            
2005 09 17 2217 2222 S 13 W 51 F    30      
2005 09 18 0143 0147 S 09 W 57 F    11      
2005 09 18 2358 2406 S 10 W 63 F    19      
2005 09 18 2359 2404 S 19 W 62 F    18      
2005 09 20 1125 1150 S 10 W 85 N            
2005 09 23 0554 0607 N 09 E 04 F    32      
2005 10 05 0307 0311 S 07 E 29 F    20      
2005 10 05 0818 0824 S 07 E 26 F    12      
2005 10 12 0538 0552 S 08 W 12 F    28      
2005 10 12 0545 0556 S 05 W 11 F    26      
2005 10 13 0904 0909 S 06 W 32 F            
2005 11 03 0448 0455 S 10 W 03 F    10      
2005 11 13 0520 0523 S 09 E 77 F    18      
2005 11 13 0602 0607 S 09 E 82 F    35      
2005 11 13 0717 0722 S 09 E 82 F    17      
2005 11 14 0358 0406 S 08 E 64 F   152      
2005 11 14 0420 0424 S 07 E 68 F    15      
2005 11 14 0653 0704 S 08 E 62 F    52      
2005 11 14 0835 0843 S 07 E 59 F            
2005 11 14 0836 0842 S 08 E 60 F    17      
2005 11 14 0953 1000 S 08 E 58 F    29      
2005 11 14 1419 1426 S 08 E 57 N            
2005 11 15 0300 0314 S 10 E 51 F    17      
2005 11 15 0813 0824 S 07 E 52 F            
2005 11 15 1201 1210 S 08 E 51 F            
2005 11 17 0135 0143 S 09 E 27 F    13      
2005 11 17 2334 2350 S 09 E 15 F    15      
2005 11 18 0028 0050 S 09 E 14 F    86      
2005 11 18 2354 2407 S 09 E 01 F    51      
2005 11 19 2015 2029 S 07 W 08 F    22      
2005 11 20 0729 0748 S 08 W 14 F            
2005 11 29 1643 1739 S 12 W 45 F    50      
2005 12 01 1532 1542 S 02 E 24 F    27      
2005 12 02 1008 1053 S 04 E 12 N            
2005 12 02 1010 1042 S 04 E 13 N   235      
2005 12 02 2004 2158 S 04 E 09 F   130      
2005 12 03 0330 0340 S 15 E 24 B    20      
2005 12 03 0848 0907 S 05 E 01 F   150      
2005 12 03 0908 0920 S 06 W 01 F    76      
2005 12 03 1358 1403 S 06 W 02 F    27      
2005 12 03 2221 2242 S 04 W 02 N   110      
2005 12 04 0832 1018 S 05 W 14 F   104      
2005 12 04 1046 1055 S 06 E 09 F            
2005 12 04 1048 1054 S 06 E 09 F    20      
2005 12 07 1845 1857 N 15 E 13 F    19      
2005 12 22 0946 0959 N 17 E 39 F    28      
2005 12 22 1643 1706 N 16 E 39 F    30      
2005 12 23 0946 0959 N 17 E 39 F    28      
2005 12 25 1008 1031 S 08 E 42 F    50      
2005 12 28 2232 2250 N 11 E 38 F    57      
2005 12 28 2232 2250 N 10 E 40 F    46      
