2008 01 01 1536 1542 S 09 E 72 F    65      
2008 01 07 1530 1616 S 08 W 02 F    45      
2008 02 01 0000 0002 S 09 E 72 F    65      
2008 03 11 0334 0352 S 10 W 83 F    49      
2008 03 11 0446 0459 S 10 W 84 F    67      
2008 03 11 0553 0614 S 10 W 85 F    50      
2008 03 23 2345 2350 S 09 E 50 F    11      
2008 03 24 0108 0110 S 08 E 49 F    18      
2008 03 24 0241 0257 S 08 E 46 F    20      
2008 03 24 0344 0351 S 11 E 72 F    11      
2008 03 24 1410 1435 S 11 E 66 F    36      
2008 03 25 1846 1922 S 13 E 78 F   117      
2008 03 26 2118 2138 S 09 E 32 F    30      
2008 03 27 1634 1641 S 10 E 01 F    10      
2008 03 31 0532 0542 S 11 W 22 F    22      
2008 04 03 1555 1609 S 12 W 36 F    33      
2008 04 03 2023 2028 S 08 W 42 F    22      
2008 04 04 1810 1815 S 08 W 54 F    36      
2008 04 26 1356 1425 N 08 E 09 F    26      
2008 04 26 1358 1425 N 08 E 09 F    26      
2008 11 02 1504 1511 N 35 W 19 F    16      
2008 11 02 2015 2020 N 36 W 29 F    27      
2008 11 03 1116 1122 N 36 W 28 F            
2008 11 03 2248 2302 N 37 W 42 F    13      
2008 11 04 0326 0332 N 35 W 38 F    28      
